# Format: McCode with text headers
# URL: http://www.mccode.org
# Creator:  3.7.12, git
# Instrument: /opt/homebrew/Caskroom/miniconda/base/envs/mcstas/share/mcstas/resources/examples/HZB/HZB_FLEX/HZB_FLEX.instr
# Ncount: 1000000
# Trace: no
# Gravitation: no
# Seed: 1234
# Directory: /Users/ldq/Work/McStasBench/benchmark/refcache/T1_HZB_FLEX_work/ref_20260724_152807_94648_3
# Param: kI=1.55
# Param: kF=1.55
# Param: wVS=0.03
# Param: tilt=0
# Param: SA=-1
# Param: A3=0
# Param: A4=70
# Param: L3=1
# Param: L4=1
# Param: Mono_flatswitch=0
# Date: Fri Jul 24 15:28:14 2026 (1784924894)
# type: array_2d(20, 20)
# Source: HZB_FLEX (/opt/homebrew/Caskroom/miniconda/base/envs/mcstas/share/mcstas/resources/examples/HZB/HZB_FLEX/HZB_FLEX.instr)
# component: div_mono
# position: -4.31962 0 50.452
# title: Divergence monitor
# Ncount: 1000000
# filename: div-sample.dat
# statistics: X0=-0.0358781; dX=1.11606; Y0=-0.00446028; dY=1.14773;
# signal: Min=0; Max=72234; Mean=10157.4;
# values: 4.06295e+06 49429.3 9068
# xvar: X 
# yvar: Y 
# xlabel: X divergence [deg]
# ylabel: Y divergence [deg]
# zvar: I
# zlabel: Signal per bin
# xylimits: -4 4 -4 4
# variables: I I_err N
# Data [div_mono/div-sample.dat] I:
0 0 0 0 0 0 0 0 0 0 0 0 0 0 0 0 0 0 0 0 
0 0 0 0 0 0 0 0 0 0 0 0 0 0 0 0 0 0 0 0 
0 0 0 0.0406232197 2.732355537e-07 0 319.2124985 0 675.9451859 0 0 0 0 0 0 0 0 0 0 0 
0 0 0 912.9203997 1241.237667 1046.585611 2322.196547 2590.168952 5542.746477 5043.370113 3178.808286 4053.000769 4020.665861 3212.43522 613.9374855 994.0305255 380.3811189 0 0 0 
0 0 133.8089268 1301.561679 2217.291253 5543.701711 8087.572748 5920.094772 13235.47101 7969.9258 14024.18709 11155.57847 9544.163019 10530.43059 7151.599573 817.5132682 1049.190301 0 0 0 
0 945.7974405 1128.018918 2582.78977 6702.757273 7697.881854 13285.81072 16779.48996 27918.81838 24053.51031 29453.40218 27317.55771 27103.55232 18391.5083 6259.739166 6897.57645 1633.09185 42.27461969 0 0 
129.7886379 702.3639033 3104.132108 5585.103224 7597.40371 16257.10396 20679.94091 32145.15324 25071.24861 40866.25011 48473.87827 44827.91629 34113.85594 19885.19031 10169.11521 7690.665315 1688.410845 0 0 0 
194.0815031 675.8427684 1772.732031 7079.636377 9386.497041 18535.00895 30130.01922 29697.12651 58200.6526 65210.71846 63296.52435 57824.20899 42137.64489 27608.73594 11414.36371 12587.37733 3196.851891 733.1301585 0.0002735113122 0 
82.66993 591.1501476 2365.654284 4004.047456 11227.64467 20910.40642 30306.18704 47126.54918 46022.16378 71930.83088 56366.69821 62803.61117 35172.24427 38286.95949 16180.97598 8507.313066 5131.856801 177.8956871 0 0 
56.33517985 638.1348374 1105.337729 3146.832736 11319.67681 21672.87304 33555.59775 49168.75929 61280.42543 66803.65761 61735.99987 55756.5124 51262.07706 31385.43777 16125.45517 5145.58059 2006.298427 429.3351283 0 0 
0 255.6982805 1737.275473 3716.004957 10673.48809 21165.79301 33633.88693 51762.37307 55563.73774 67146.55883 50621.60919 58592.7723 48948.88399 30405.28913 15436.47809 7382.78661 1450.04899 149.3407771 0 0 
0 839.3723989 2540.150754 8275.347662 17068.50543 19890.6534 28473.95026 52378.65519 60203.23435 72234.01824 60454.54286 61789.6369 40112.09543 34544.80367 19463.78544 12446.84417 2233.547706 351.7700427 0 0 
0 695.6199727 2291.218885 4451.78565 9322.424333 21237.39917 28763.27813 40595.59205 32823.61853 52780.86633 45654.13403 51081.36257 43432.22694 34846.73988 16618.49992 8104.142094 1423.909879 241.2688807 0 0 
87.41238045 302.0411471 1212.795774 4017.588246 8970.927492 7900.771565 19859.99382 42464.33979 31408.84914 39688.51237 47206.16726 37560.44277 38230.18929 21307.42896 18603.49414 7307.693171 2721.130641 355.8658069 0 0 
111.4233448 145.476853 1018.535563 1703.731841 4142.109341 9886.572405 9812.771522 15608.0972 23702.25338 24278.96367 23465.61548 31175.09852 23508.26247 19251.47779 8946.16665 1801.57607 446.6170233 527.6620184 0 0 
0 0 0.09934002713 591.0110333 2145.76959 4396.679212 10500.98633 10710.39474 9946.631029 16472.88649 13721.38652 9665.374465 14151.88461 6570.078081 3115.059442 1929.847334 1702.226538 0 0 0 
0 0 519.1107383 557.2764407 1127.069499 1285.315586 4649.68588 4508.034445 4786.773352 4982.185594 4627.400505 4549.389268 2921.100375 3509.754048 564.0938454 599.3062011 38.65205071 0 0 0 
0 0 0 0 0 507.1899768 189.5033566 0 0 235.8077245 0 310.6897493 0 336.5783991 0 0 0 0 0 0 
0 0 0 0 0 0 0 0 0 0 0 0 0 0 0 0 0 0 0 0 
0 0 0 0 0 0 0 0 0 0 0 0 0 0 0 0 0 0 0 0 
# Errors [div_mono/div-sample.dat] I_err:
0 0 0 0 0 0 0 0 0 0 0 0 0 0 0 0 0 0 0 0 
0 0 0 0 0 0 0 0 0 0 0 0 0 0 0 0 0 0 0 0 
0 0 0 0.0406232197 2.732355537e-07 0 319.2124985 0 675.9451859 0 0 0 0 0 0 0 0 0 0 0 
0 0 0 408.7769574 514.0876183 577.9456826 828.7562936 1300.416725 1695.164871 1744.00893 1287.471029 1503.655129 1695.604854 1328.110765 613.9374855 596.5152921 310.9366943 0 0 0 
0 0 158.0188816 677.1948346 852.9485576 1624.776642 2185.235676 1861.629927 2698.4119 2235.559084 2843.768982 2535.749446 2329.451698 2346.969683 1884.301367 504.9418178 575.8771431 0 0 0 
0 522.7672598 534.8017122 924.2424207 1651.081915 1838.018811 2778.825106 3201.669888 4252.178116 3940.971699 4435.508082 4347.54065 4137.736694 3272.393159 1681.362044 1705.29209 788.2970857 42.27461969 0 0 
129.7886379 470.945641 1100.850369 1462.384255 1898.110635 2715.127429 3514.096448 4486.491725 4096.268031 5272.165023 5705.459243 5473.488393 4746.075957 3437.267613 2208.172795 1963.837802 822.9425216 0 0 0 
237.7003255 390.925676 744.1007563 1708.590288 1964.985875 2961.69579 4157.783003 4240.853837 6304.847735 6558.981318 6577.428504 6264.174387 4986.528287 4033.833457 2218.880091 2425.967921 1276.013352 388.2332103 0.0002735113122 0 
101.2495728 324.4090257 726.4568361 1167.01481 2115.010479 3191.007442 4143.790018 5453.234998 5466.604578 7003.831225 6085.108878 6402.898547 4526.803264 4762.351322 2807.840226 1786.794888 1414.828598 214.160197 0 0 
56.33517985 359.7391166 510.7631106 877.6256489 2190.867106 3403.209826 4485.491755 5564.35408 6192.128778 6617.453829 6359.866707 5975.684117 5641.318728 4034.943543 2658.785941 1476.414061 753.3298174 226.8126086 0 0 
0 198.7053503 739.2517607 957.6226654 2092.719656 3133.468858 4398.666723 5728.087512 5951.346084 6689.302956 5816.686277 6116.014983 5556.017333 4165.103154 2785.401449 1689.0324 641.7717659 165.1027787 0 0 
0 478.3537315 838.5925377 1949.2974 2799.298817 3041.094735 4075.185358 5588.384575 6186.057347 6947.271571 6384.297175 6369.543351 4871.0402 4300.912679 3163.979281 2527.713475 895.1148586 282.229824 0 0 
0 328.9352316 727.2195036 1244.480613 2009.038729 3335.765182 4030.897519 4914.004072 4617.313048 5866.043382 5534.644918 5798.464317 5108.243469 4432.166295 2830.587698 1943.266941 712.5462412 260.9143723 0 0 
87.41238045 217.1255934 556.1520885 1218.540895 1771.288073 1968.008401 3433.407538 5302.821282 4492.636837 5172.802442 5673.500858 4998.900062 4999.812906 3437.912308 3245.2636 1800.178582 1184.081464 396.6083531 0 0 
89.93225856 102.9205443 515.9115351 682.8155289 1171.48856 2241.612245 2305.702558 3101.474108 3947.802779 3970.441389 3994.728352 4516.627085 3791.667417 3259.259834 1940.850087 759.7470983 446.6170233 303.7804863 0 0 
0 0 0.09934002713 343.3764334 947.2355509 1308.002563 2378.693007 2407.910467 2459.316462 3257.236959 2872.530855 2456.194122 2908.069123 1829.688872 1177.882968 886.9186672 874.5933464 0 0 0 
0 0 466.122393 453.836834 572.7583601 607.0135541 1726.568451 1555.989566 1871.244723 1749.824515 1549.409406 1667.058834 1309.654294 1262.518736 485.3102802 468.797241 38.65205071 0 0 0 
0 0 0 0 0 507.1899768 189.5033566 0 0 235.8077245 0 310.6897493 0 336.5783991 0 0 0 0 0 0 
0 0 0 0 0 0 0 0 0 0 0 0 0 0 0 0 0 0 0 0 
0 0 0 0 0 0 0 0 0 0 0 0 0 0 0 0 0 0 0 0 
# Events [div_mono/div-sample.dat] N:
0 0 0 0 0 0 0 0 0 0 0 0 0 0 0 0 0 0 0 0 
0 0 0 0 0 0 0 0 0 0 0 0 0 0 0 0 0 0 0 0 
0 0 0 1 1 0 1 0 1 0 0 0 0 0 0 0 0 0 0 0 
0 0 0 6 8 8 9 7 16 10 8 9 6 9 1 3 2 0 0 0 
0 0 2 7 14 18 18 14 31 16 33 24 24 26 20 4 7 0 0 0 
0 4 6 15 23 26 30 36 52 43 51 48 53 39 19 19 7 1 0 0 
1 4 15 22 25 48 43 61 43 66 80 77 61 44 35 22 8 0 0 0 
2 4 11 28 37 58 76 60 98 116 107 98 91 60 41 38 11 5 1 0 
2 6 15 22 44 66 77 94 93 128 109 119 79 83 57 38 19 2 0 0 
1 5 10 19 48 61 77 101 118 119 110 107 103 89 52 26 13 6 0 0 
0 2 11 23 50 66 81 98 104 118 94 113 100 72 49 36 8 4 0 0 
0 6 15 32 57 65 73 109 116 135 108 115 81 91 51 37 12 4 0 0 
0 6 15 23 44 54 65 82 64 93 80 90 91 78 50 23 11 2 0 0 
1 2 6 17 38 25 49 75 59 68 78 62 68 52 43 21 9 4 0 0 
2 2 7 11 18 25 25 30 40 45 42 54 47 40 34 11 1 5 0 0 
0 0 1 5 10 16 27 28 24 30 29 20 33 22 12 9 6 0 0 0 
0 0 4 3 7 7 10 13 9 12 14 14 7 11 2 3 1 0 0 0 
0 0 0 0 0 1 1 0 0 1 0 1 0 1 0 0 0 0 0 0 
0 0 0 0 0 0 0 0 0 0 0 0 0 0 0 0 0 0 0 0 
0 0 0 0 0 0 0 0 0 0 0 0 0 0 0 0 0 0 0 0 
