# Format: McCode with text headers
# URL: http://www.mccode.org
# Creator:  3.7.12, git
# Instrument: /opt/homebrew/Caskroom/miniconda/base/envs/mcstas/share/mcstas/resources/examples/HZB/HZB_FLEX/HZB_FLEX.instr
# Ncount: 1000000
# Trace: no
# Gravitation: no
# Seed: 1234
# Directory: /Users/ldq/Work/McStasBench/benchmark/refcache/T1_HZB_FLEX_work/ref_20260724_152807_94648_3
# Param: kI=1.55
# Param: kF=1.55
# Param: wVS=0.03
# Param: tilt=0
# Param: SA=-1
# Param: A3=0
# Param: A4=70
# Param: L3=1
# Param: L4=1
# Param: Mono_flatswitch=0
# Date: Fri Jul 24 15:28:14 2026 (1784924894)
# type: array_1d(200)
# Source: HZB_FLEX (/opt/homebrew/Caskroom/miniconda/base/envs/mcstas/share/mcstas/resources/examples/HZB/HZB_FLEX/HZB_FLEX.instr)
# component: energy_endguide
# position: -2.21019 0 49.727
# title: Energy monitor
# Ncount: 1000000
# filename: energy-endguide.dat
# statistics: X0=4.98316; dX=0.135564;
# signal: Min=48471.5; Max=88274.9; Mean=66579.5;
# values: 1.33159e+07 89006.1 32983
# xvar: E
# yvar: (I,I_err)
# xlabel: Energy [meV]
# ylabel: Intensity
# xlimits: 4.75167 5.22225
# variables: E I I_err N
4.752845411 66524.78843 6054.008106 166 
4.755198336 65799.31608 6027.692477 171 
4.757551262 67907.61293 6156.675034 184 
4.759904187 68391.81577 6253.441369 175 
4.762257113 75320.08613 6500.790245 200 
4.764610038 59070.07523 5760.263216 163 
4.766962964 66965.948 6051.715163 189 
4.769315889 69698.08613 6278.533688 177 
4.771668814 62925.44963 5951.024784 165 
4.77402174 76110.36184 6581.46149 204 
4.776374665 73458.87777 6529.594199 181 
4.778727591 67559.6136 6149.475677 178 
4.781080516 66770.14561 6059.210945 167 
4.783433441 60231.95093 5763.626567 159 
4.785786367 72884.37102 6383.221542 191 
4.788139292 86332.286 7027.492246 210 
4.790492218 60601.42885 5810.33697 158 
4.792845143 63759.36407 6003.574846 174 
4.795198068 80179.53827 6756.292757 209 
4.797550994 72327.01569 6533.502944 168 
4.799903919 64016.90953 5953.008068 179 
4.802256845 68507.90566 6313.369575 169 
4.80460977 71113.10939 6338.95031 176 
4.806962696 71356.91079 6356.891368 190 
4.809315621 64117.06112 6078.081006 166 
4.811668546 71646.47415 6367.078957 182 
4.814021472 70661.11529 6477.231845 178 
4.816374397 69384.56955 6250.032401 170 
4.818727323 67717.78596 6226.01719 172 
4.821080248 71563.61674 6329.134432 177 
4.823433173 80656.33625 6908.182011 196 
4.825786099 73279.315 6636.340276 176 
4.828139024 77138.12462 6856.369206 187 
4.83049195 62405.44417 5967.469095 159 
4.832844875 64243.86203 6048.421778 170 
4.835197801 70359.71281 6348.15722 174 
4.837550726 68700.87888 6270.461082 171 
4.839903651 70662.30569 6434.0177 176 
4.842256577 73115.07216 6512.664144 187 
4.844609502 61827.38966 5932.355362 163 
4.846962428 77981.43521 6743.675502 194 
4.849315353 66972.12168 6232.745724 173 
4.851668278 74495.17413 6454.840202 197 
4.854021204 63637.19421 6108.084887 156 
4.856374129 62895.74185 6031.025267 162 
4.858727055 76523.86396 6651.936455 179 
4.86107998 75457.27537 6514.150086 186 
4.863432905 70711.90025 6472.708659 187 
4.865785831 58727.56499 5849.411512 152 
4.868138756 68934.83564 6391.10119 173 
4.870491682 65375.50038 6236.973419 167 
4.872844607 70262.02366 6439.995945 165 
4.875197533 67347.56734 6216.259165 187 
4.877550458 61939.07472 5972.700928 157 
4.879903383 63607.36154 6115.939574 160 
4.882256309 72324.36884 6575.22952 177 
4.884609234 69517.45445 6424.592972 161 
4.88696216 77448.65837 6829.893085 206 
4.889315085 71882.54746 6692.236126 162 
4.89166801 62888.24019 5964.078918 162 
4.894020936 54671.33744 5694.580725 135 
4.896373861 69849.48374 6250.240726 183 
4.898726787 58143.22617 5862.338549 159 
4.901079712 67791.17927 6344.49222 170 
4.903432638 63650.3705 6160.487262 155 
4.905785563 63220.97252 6027.330025 157 
4.908138488 73296.84936 6399.917496 192 
4.910491414 52176.45357 5433.197628 141 
4.912844339 54832.87411 5638.733288 152 
4.915197265 72159.48683 6511.646683 177 
4.91755019 69057.13387 6436.497189 163 
4.919903115 62408.09549 6047.352276 154 
4.922256041 63230.68708 6138.564576 153 
4.924608966 57956.9565 5853.9794 151 
4.926961892 66902.7213 6284.840521 182 
4.929314817 68187.88335 6328.78844 170 
4.931667743 67430.2299 6356.128716 167 
4.934020668 67658.33293 6261.54399 173 
4.936373593 72904.16043 6772.9644 169 
4.938726519 65643.69645 6213.801143 164 
4.941079444 68244.96831 6264.013843 173 
4.94343237 69490.52607 6538.67669 157 
4.945785295 67243.38818 6380.668143 161 
4.94813822 65138.50044 6216.650487 158 
4.950491146 69365.87954 6352.039384 175 
4.952844071 61766.38859 5968.501623 168 
4.955196997 63353.34367 6186.764689 158 
4.957549922 73127.74452 6739.014674 175 
4.959902847 69349.82264 6413.732472 168 
4.962255773 80136.06904 6903.92778 185 
4.964608698 61394.92157 6021.329476 159 
4.966961624 64236.85691 6079.872007 155 
4.969314549 56691.39631 5700.105121 154 
4.971667475 66993.64297 6368.167287 167 
4.9740204 67605.37917 6324.256735 171 
4.976373325 74246.49006 6569.749824 179 
4.978726251 55643.54596 5673.505384 151 
4.981079176 63134.38911 6165.657692 146 
4.983432102 75464.96466 6771.682251 186 
4.985785027 70062.73548 6346.242593 167 
4.988137952 72083.74224 6516.020899 177 
4.990490878 65843.41305 6390.651807 155 
4.992843803 84409.55439 7119.554908 200 
4.995196729 71850.74854 6541.493209 178 
4.997549654 55804.3862 5474.203857 163 
4.99990258 54112.07896 5570.45129 163 
5.002255505 63958.16383 6358.716051 157 
5.00460843 56729.87953 5801.76557 137 
5.006961356 75339.34789 6777.709998 171 
5.009314281 67082.33675 6323.089539 164 
5.011667207 70429.64099 6438.815391 187 
5.014020132 64177.51089 6014.496411 174 
5.016373057 71646.10782 6589.95928 164 
5.018725983 73164.07383 6701.500928 177 
5.021078908 66688.9616 6283.660533 166 
5.023431834 83428.69309 7062.923939 197 
5.025784759 54250.04919 5794.225635 130 
5.028137684 55983.46163 5734.374697 151 
5.03049061 75904.38002 6874.594343 164 
5.032843535 78133.19228 6864.342111 176 
5.035196461 77350.50915 6832.916476 195 
5.037549386 65780.94307 6199.23881 169 
5.039902312 64394.78542 6267.694711 158 
5.042255237 73337.29615 6678.437013 172 
5.044608162 88274.86566 7464.894473 217 
5.046961088 68028.35243 6425.539003 169 
5.049314013 64683.35604 6244.599828 162 
5.051666939 64170.48789 6110.114819 153 
5.054019864 66671.84416 6294.653558 167 
5.056372789 67213.1211 6553.807623 154 
5.058725715 60649.61606 6030.731057 156 
5.06107864 56553.75953 5832.405991 157 
5.063431566 61139.60878 6047.624394 154 
5.065784491 63602.47367 6215.054795 158 
5.068137417 61979.87784 6094.328819 161 
5.070490342 65566.02665 6246.566323 153 
5.072843267 69196.68196 6467.35841 160 
5.075196193 64284.96199 6307.489433 158 
5.077549118 62470.35991 6126.334934 151 
5.079902044 61164.82627 6070.825814 161 
5.082254969 69349.70547 6646.320826 161 
5.084607894 66666.59202 6534.547699 155 
5.08696082 66910.26106 6348.362923 160 
5.089313745 70357.19208 6571.427402 169 
5.091666671 68309.3245 6562.120419 165 
5.094019596 62988.46049 6115.637097 159 
5.096372521 58733.10854 5957.733512 152 
5.098725447 63821.7582 6225.304214 169 
5.101078372 72805.4823 6692.450644 164 
5.103431298 57502.08668 5952.657708 141 
5.105784223 73198.00116 6741.416236 174 
5.108137149 59326.94689 6009.494304 145 
5.110490074 48471.54648 5350.256549 122 
5.112842999 60132.45963 6074.98034 147 
5.115195925 69855.06679 6579.959638 155 
5.11754885 67593.05443 6402.754432 164 
5.119901776 58757.68826 6104.137049 143 
5.122254701 63737.93794 6287.165263 170 
5.124607626 66418.43819 6513.520524 153 
5.126960552 65177.27401 6309.032582 161 
5.129313477 67921.2393 6547.91352 165 
5.131666403 63476.32783 6211.947477 161 
5.134019328 75108.523 6974.33808 165 
5.136372254 68574.6358 6506.683957 156 
5.138725179 63885.89103 6224.34564 164 
5.141078104 70683.5979 6676.907936 160 
5.14343103 60292.44475 5953.693521 155 
5.145783955 61775.73739 6273.226797 142 
5.148136881 60814.77781 6107.219155 147 
5.150489806 66196.93431 6417.612343 159 
5.152842731 49355.8021 5455.675694 136 
5.155195657 55855.1834 5982.197402 133 
5.157548582 56900.98355 5865.549344 140 
5.159901508 63050.78684 6263.950852 153 
5.162254433 80150.06716 7065.751463 182 
5.164607358 53634.32285 5696.876069 131 
5.166960284 65727.81821 6336.979207 155 
5.169313209 67432.47615 6533.022988 153 
5.171666135 69357.66257 6608.628944 156 
5.17401906 71629.9671 6639.996121 170 
5.176371986 56606.16776 5833.775668 141 
5.178724911 60080.2013 6050.44459 141 
5.181077836 57994.12065 5981.187458 135 
5.183430762 59358.56433 6021.754352 151 
5.185783687 62266.29973 6210.963372 135 
5.188136613 53511.55004 5749.679253 129 
5.190489538 73087.52277 6637.443835 172 
5.192842463 67859.22341 6682.086427 149 
5.195195389 58938.06293 5937.026765 144 
5.197548314 61309.68088 6347.764578 131 
5.19990124 66015.94657 6377.418444 156 
5.202254165 69651.97989 6621.598907 166 
5.204607091 70053.3991 6624.56146 172 
5.206960016 59821.15331 6041.289714 154 
5.209312941 72078.73961 6848.942698 155 
5.211665867 66298.44386 6416.49677 146 
5.214018792 68857.27921 6590.527666 170 
5.216371718 61392.6395 6103.01519 149 
5.218724643 57601.7281 5845.906156 152 
5.221077568 55558.01223 5892.502591 137 
