# Format: McCode with text headers
# URL: http://www.mccode.org
# Creator:  3.7.12, git
# Instrument: /opt/homebrew/Caskroom/miniconda/base/envs/mcstas/share/mcstas/resources/examples/HZB/HZB_FLEX/HZB_FLEX.instr
# Ncount: 1000000
# Trace: no
# Gravitation: no
# Seed: 1234
# Directory: /Users/ldq/Work/McStasBench/benchmark/refcache/T1_HZB_FLEX_work/ref_20260724_152807_94648_3
# Param: kI=1.55
# Param: kF=1.55
# Param: wVS=0.03
# Param: tilt=0
# Param: SA=-1
# Param: A3=0
# Param: A4=70
# Param: L3=1
# Param: L4=1
# Param: Mono_flatswitch=0
# Date: Fri Jul 24 15:28:14 2026 (1784924894)
# type: array_1d(200)
# Source: HZB_FLEX (/opt/homebrew/Caskroom/miniconda/base/envs/mcstas/share/mcstas/resources/examples/HZB/HZB_FLEX/HZB_FLEX.instr)
# component: energy_mono
# position: -2.36911 0 50.0099
# title: Energy monitor
# Ncount: 1000000
# filename: energy-mono.dat
# statistics: X0=4.97959; dX=0.0831138;
# signal: Min=0; Max=62648.4; Mean=21615.4;
# values: 4.32308e+06 50699.6 10625
# xvar: E
# yvar: (I,I_err)
# xlabel: Energy [meV]
# ylabel: Intensity
# xlimits: 4.75167 5.22225
# variables: E I I_err N
4.752845411 685.7892743 685.7892743 1 
4.755198336 2388.007369 1262.940167 5 
4.757551262 1460.223374 1115.910986 3 
4.759904187 2256.038886 1207.321677 4 
4.762257113 2095.574444 1223.861469 3 
4.764610038 1732.833928 1122.050011 3 
4.766962964 1115.170436 862.3730999 5 
4.769315889 2451.90249 1227.650174 7 
4.771668814 1425.059019 1010.83007 2 
4.77402174 1981.235349 1056.215012 5 
4.776374665 631.1030709 728.5953272 3 
4.778727591 3223.159667 1253.420752 9 
4.781080516 3092.268195 1445.208666 7 
4.783433441 2927.077628 1249.900711 7 
4.785786367 4203.042566 1598.19146 10 
4.788139292 4355.727299 1572.302551 12 
4.790492218 2728.96922 1129.944568 9 
4.792845143 7188.81182 2184.871862 14 
4.795198068 3554.871087 1373.863712 11 
4.797550994 4284.660642 1643.056541 10 
4.799903919 3776.58161 1506.882234 9 
4.802256845 4734.167201 1584.998064 17 
4.80460977 4840.665062 1618.491113 12 
4.806962696 8655.25894 2309.492066 19 
4.809315621 9167.896978 2531.222237 17 
4.811668546 8172.712751 2179.55357 20 
4.814021472 8045.7947 2110.657911 23 
4.816374397 5271.228493 1856.461365 13 
4.818727323 8084.369688 2211.873492 19 
4.821080248 8042.609438 2238.119525 16 
4.823433173 10091.28055 2560.115006 21 
4.825786099 7205.885014 2061.071375 18 
4.828139024 8393.660649 2365.245509 22 
4.83049195 10257.35959 2522.801883 24 
4.832844875 10344.81699 2419.235837 28 
4.835197801 6179.429313 1958.468646 14 
4.837550726 15555.15059 2953.186851 39 
4.839903651 12333.84355 2664.992277 37 
4.842256577 9467.412972 2296.524773 33 
4.844609502 13691.4595 2796.492607 38 
4.846962428 17638.53839 3219.444706 45 
4.849315353 16459.81849 3098.630263 47 
4.851668278 15261.91353 3020.63881 39 
4.854021204 10992.79082 2539.514565 28 
4.856374129 19314.76681 3384.918734 44 
4.858727055 19817.78938 3395.915122 48 
4.86107998 24945.00623 3828.918523 57 
4.863432905 23660.93892 3863.281129 56 
4.865785831 15544.22506 3026.028181 40 
4.868138756 23624.67451 3777.28684 61 
4.870491682 23279.03592 3747.086512 62 
4.872844607 24443.58692 3835.760135 60 
4.875197533 19454.23423 3207.761573 61 
4.877550458 23219.71817 3676.710392 60 
4.879903383 18578.45371 3285.338049 46 
4.882256309 22050.99961 3610.875941 62 
4.884609234 31111.81492 4338.54396 72 
4.88696216 26403.41067 3884.379992 74 
4.889315085 37951.99591 4980.346645 81 
4.89166801 24992.25432 3675.269217 70 
4.894020936 27035.22116 4054.768518 64 
4.896373861 35189.51384 4526.346032 84 
4.898726787 29919.96343 4245.429274 79 
4.901079712 37198.14411 4753.080595 91 
4.903432638 29949.56754 4305.642066 66 
4.905785563 25062.0119 3684.272539 69 
4.908138488 37984.18183 4640.889865 102 
4.910491414 25898.29277 3734.394498 81 
4.912844339 34821.12083 4553.702331 96 
4.915197265 40572.36308 4778.702107 106 
4.91755019 39313.32187 4858.456555 95 
4.919903115 36397.78045 4692.974279 88 
4.922256041 33208.05479 4372.940343 91 
4.924608966 34239.18372 4495.322769 89 
4.926961892 40640.60263 4889.992931 113 
4.929314817 40645.9851 4863.983607 108 
4.931667743 41329.06659 4943.793919 104 
4.934020668 39021.78098 4617.337668 113 
4.936373593 46240.58972 5296.078633 115 
4.938726519 43664.1313 5059.950206 114 
4.941079444 45898.6314 5100.378603 122 
4.94343237 44234.51197 5154.310074 102 
4.945785295 44677.67668 5218.059441 106 
4.94813822 49120.42526 5397.423688 118 
4.950491146 48870.02446 5280.00554 121 
4.952844071 42803.84882 4909.404676 119 
4.955196997 46600.29352 5255.469298 115 
4.957549922 47710.74506 5315.579484 125 
4.959902847 48849.85961 5356.884648 118 
4.962255773 56652.98933 5741.634232 132 
4.964608698 43960.46655 5114.155306 117 
4.966961624 49118.69588 5322.981896 118 
4.969314549 41503.32462 4885.69295 112 
4.971667475 48385.27394 5376.908485 116 
4.9740204 46032.49053 5151.863767 122 
4.976373325 46447.21144 5161.859905 113 
4.978726251 37939.73087 4593.708968 104 
4.981079176 45174.508 5257.198695 102 
4.983432102 53101.31934 5694.366508 128 
4.985785027 49877.59672 5253.876144 123 
4.988137952 49551.0273 5298.913636 125 
4.990490878 46542.99442 5338.04193 110 
4.992843803 62648.44457 6075.274339 148 
4.995196729 49185.90207 5351.409918 123 
4.997549654 44040.34065 4895.652884 124 
4.99990258 39923.43694 4771.003885 112 
5.002255505 45801.86213 5394.118441 112 
5.00460843 36130.99255 4619.368366 86 
5.006961356 50028.56659 5480.462187 111 
5.009314281 45534.81801 5143.092325 111 
5.011667207 48007.40321 5233.940443 131 
5.014020132 36629.66012 4426.448238 107 
5.016373057 43982.84706 5110.231542 102 
5.018725983 46831.03241 5338.367322 105 
5.021078908 43107.4958 5071.347722 99 
5.023431834 51333.44719 5468.136334 123 
5.025784759 30740.35422 4290.743445 75 
5.028137684 33151.22617 4445.027948 90 
5.03049061 41631.65566 5083.531234 85 
5.032843535 43693.27256 5111.886843 93 
5.035196461 38453.05188 4801.901835 96 
5.037549386 37151.58308 4746.824222 90 
5.039902312 34088.02902 4629.903632 83 
5.042255237 47044.23489 5387.346326 102 
5.044608162 43030.16126 5159.557108 106 
5.046961088 35279.22519 4682.258102 82 
5.049314013 31955.22389 4401.29309 79 
5.051666939 35591.53072 4557.361357 82 
5.054019864 28881.48991 4179.189497 64 
5.056372789 35935.64905 4803.106193 81 
5.058725715 26617.70605 3980.560883 68 
5.06107864 22827.66909 3817.489858 60 
5.063431566 24698.84898 3853.353867 60 
5.065784491 25938.62812 3948.590238 61 
5.068137417 27000.89813 4039.59868 66 
5.070490342 26254.60418 3971.294363 62 
5.072843267 25643.04506 3910.850119 62 
5.075196193 18425.80715 3582.027413 43 
5.077549118 30533.31489 4377.10165 65 
5.079902044 24307.96859 3807.274919 60 
5.082254969 18378.18645 3313.049594 44 
5.084607894 22312.64534 3854.821364 47 
5.08696082 21494.89428 3694.10384 49 
5.089313745 20434.30274 3619.727187 44 
5.091666671 19593.38983 3471.482484 45 
5.094019596 14593.40417 2829.439959 44 
5.096372521 16060.12521 3082.150302 40 
5.098725447 19162.60428 3476.677337 44 
5.101078372 17318.12419 3323.134644 35 
5.103431298 14234.16596 3062.454269 34 
5.105784223 15367.71335 3245.976864 35 
5.108137149 17852.29296 3385.00897 37 
5.110490074 16291.53042 3243.767513 31 
5.112842999 16054.42431 3226.59933 32 
5.115195925 11492.77468 2778.290466 22 
5.11754885 10057.87596 2520.781994 24 
5.119901776 15661.08621 3044.980648 37 
5.122254701 11760.78713 2812.973473 27 
5.124607626 11617.00449 2738.803249 27 
5.126960552 8793.831488 2202.039472 24 
5.129313477 6866.442996 2154.341534 15 
5.131666403 11357.12413 2683.830052 24 
5.134019328 12377.41225 2931.272066 23 
5.136372254 9579.60901 2499.650893 19 
5.138725179 7517.512427 2274.456072 19 
5.141078104 9792.453365 2499.951638 24 
5.14343103 10760.24471 2570.76825 22 
5.145783955 10338.39842 2618.728169 22 
5.148136881 4165.400925 1764.279938 8 
5.150489806 6261.75805 1922.137524 14 
5.152842731 3373.579528 1357.025096 10 
5.155195657 4109.915846 1649.577463 11 
5.157548582 5136.974481 1737.505481 11 
5.159901508 3682.063507 1474.691965 9 
5.162254433 7167.22253 2093.72382 14 
5.164607358 5163.692134 1850.420018 11 
5.166960284 6714.016038 2153.336572 12 
5.169313209 3113.875963 1476.745046 6 
5.171666135 1104.27474 771.6568155 3 
5.17401906 4718.975713 1718.885618 12 
5.176371986 4133.816943 1639.162882 8 
5.178724911 3615.79208 1691.83938 7 
5.181077836 616.7875068 507.0361574 3 
5.183430762 3836.354416 1553.494396 7 
5.185783687 1791.96539 1035.81951 3 
5.188136613 2671.686671 1348.847768 4 
5.190489538 1400.740005 952.6366953 5 
5.192842463 4452.110252 1783.710231 8 
5.195195389 2721.835381 1346.425069 6 
5.197548314 3710.249588 1708.509646 6 
5.19990124 3043.807544 1447.178335 5 
5.202254165 3706.751607 1611.446646 7 
5.204607091 1390.076345 1091.078738 3 
5.206960016 1630.103891 1070.96407 5 
5.209312941 1867.43789 1261.337381 3 
5.211665867 716.186377 716.186377 1 
5.214018792 644.0832747 788.8376874 2 
5.216371718 557.8622255 683.235775 2 
5.218724643 0 0 0 
5.221077568 451.5481666 553.0313013 2 
