# Format: McCode with text headers
# URL: http://www.mccode.org
# Creator:  3.7.12, git
# Instrument: /opt/homebrew/Caskroom/miniconda/base/envs/mcstas/share/mcstas/resources/examples/HZB/HZB_FLEX/HZB_FLEX.instr
# Ncount: 1000000
# Trace: no
# Gravitation: no
# Seed: 1234
# Directory: /Users/ldq/Work/McStasBench/benchmark/refcache/T1_HZB_FLEX_work/ref_20260724_152807_94648_3
# Param: kI=1.55
# Param: kF=1.55
# Param: wVS=0.03
# Param: tilt=0
# Param: SA=-1
# Param: A3=0
# Param: A4=70
# Param: L3=1
# Param: L4=1
# Param: Mono_flatswitch=0
# Date: Fri Jul 24 15:28:14 2026 (1784924894)
# type: array_2d(60, 60)
# Source: HZB_FLEX (/opt/homebrew/Caskroom/miniconda/base/envs/mcstas/share/mcstas/resources/examples/HZB/HZB_FLEX/HZB_FLEX.instr)
# component: psd_sam
# position: -4.36838 0 50.4631
# title: PSD monitor
# Ncount: 1000000
# filename: psd-sam.dat
# statistics: X0=0.0603597; dX=2.40956; Y0=0.016133; dY=2.40917;
# signal: Min=0; Max=19964.6; Mean=1205.59;
# values: 4.34011e+06 50759.3 10763
# xvar: X 
# yvar: Y 
# xlabel: X position [cm]
# ylabel: Y position [cm]
# zvar: I
# zlabel: Signal per bin
# xylimits: -10 10 -10 10
# variables: I I_err N
# Data [psd_sam/psd-sam.dat] I:
0 0 0 0 0 0 0 0 0 0 0 0 0 0 0 0 0 0 0 0 0 0 0 0 0 4.865769925e-50 0 0 0 0 0 0 1.207534514e-89 0 0 0 0 0 0 0 0 0 0 0 0 0 0 0 0 0 0 0 0 0 0 0 0 0 0 0 
0 0 0 0 0 0 0 0 0 0 0 0 0 0 0 0 0 0 0 0 0 0 0 7.786737395e-69 0 0 4.620045348e-26 0 0 0 0 0 0.9473720579 0 1.020435416e-60 2.080146393e-49 0 0 0 0 0 0 0 0 0 0 0 0 0 0 0 0 0 0 0 0 0 0 0 0 
0 0 0 0 0 0 0 0 0 0 0 0 0 0 0 0 0 0 0 0 0 0 0 0 0 2.024287125e-43 0 164.347813 0 0 0 7.192725932e-58 0 0 0 0 0 2.681483789e-94 0 0 0 0 0 0 0 0 0 0 0 0 0 0 0 0 0 0 0 0 0 0 
0 0 0 0 0 0 0 0 0 0 0 0 0 0 0 0 0 320.5905461 0 0 0 0 0 0 0.04271139317 0 6.223262102e-59 4.61493981e-57 4.165765123e-71 1.627553482e-05 0 0 6.106314541e-60 0 0 4.245792584e-66 2.964063174e-100 5.601733139e-31 0 0 0 0 0 0 0 0 0 0 0 0 0 0 0 0 0 0 0 0 0 0 
0 0 0 0 0 0 0 0 0 0 0 0 0 0 0 0 0 0 0 0 0 0 41.57025711 0 0 0 0 0 0 0 7.474848515e-60 0 0.04657295722 1.199412887e-102 0 0 0 1.841997959e-102 0 0 0 9.580210545e-67 0 115.4889395 0 228.8821673 0 0 0 0 0 0 0 0 0 0 0 0 0 0 
0 0 0 0 0 0 0 0 0 0 0 0 0 0 2.265658278e-45 0 253.8801264 0 3.114074837e-86 0 0 2.903140106e-83 4.407499122e-39 0 1.331342215e-11 1.032106889e-90 0 0 2.410302972e-32 0 1.165554414e-37 1.379534348e-08 5.687338087e-25 38.66396465 0.008408709229 0 0 2.397266323e-44 264.6712173 0 0 0 142.0625803 2.103096211e-67 0 0 0 0 0 0 0 0 0 0 0 0 0 0 0 0 
0 0 0 0 0 0 0 0 0 0 0 0 0 0 0 0 0 0 6.149124032e-32 0 0 0 6.860886692e-47 1.342192433e-62 4.427981347e-43 1.497922273e-35 8.869549587e-20 0 1.428052985e-48 147.5196456 18.06575286 9.620712406e-05 1.589187279e-50 180.686636 145.9942403 172.9795354 0 8.278306446e-24 0 0 0.3552967525 8.584073678e-27 0 3.138968463e-94 0 0 0 21.97183395 1.365037876e-48 0 0 0 0 0 0 0 0 0 0 0 
0 0 0 0 0 0 0 0 0 0 0 0 20.52082055 0 0 0 0 0 198.4762697 0 115.9579525 54.9010372 259.3437331 5.203956941e-90 2.718474705e-58 7.972073712e-36 105.0969164 8.485947489e-22 3.213098498e-50 0 256.9345031 13.05377326 0.156295182 1.015319212e-61 0 0 289.7610696 120.2696173 0 0.1865213539 0 0 1.631532576e-26 1.460836191e-52 0 0 0 0 0.001913445158 0 0 0 0 0 0 0 0 0 0 0 
0 0 0 0 0 0 0 0 0 0 0 0 0 3.020181502e-60 0 14.35070999 0 2.528114028e-12 0 3.838935507e-05 0 0 93.90412494 595.6729502 2.167639811e-05 113.6526973 6.60828084e-74 120.193132 156.2101351 103.1751966 0.8544883559 2.00350699e-49 59.76128746 537.7552373 1.932047201e-20 3.28407384e-58 9.039314932e-64 8.629650328e-32 413.3259834 3.532797883e-48 1.227588344e-73 0 2.815142825 0 0 0 0 0 0 0 0 0 0 0 0 0 0 0 0 0 
0 0 0 0 0 0 0 0 0 0 0 0 0 0 0 0 0 1.079613198e-54 110.102496 0 0 265.8996647 7.5681155e-05 43.57692389 8.979818227e-47 275.7802374 855.7663869 1.119177024e-08 725.2598216 896.2201136 5.196047568e-36 50.4760907 1.18580542e-47 445.3860241 320.984997 3.659458571e-68 2.558181323 0 481.7860165 0 2.994548398e-34 0 4.728897659e-32 0 14.20347666 0 0 4.995374228e-16 0 0 0 0 0 0 0 0 0 0 0 0 
0 0 0 0 0 0 0 0 0 0 1.694750314 0 0 0 0 77.51969963 0 0 2.087787759e-75 84.61779762 6.936440303e-39 2.509422129e-31 0.2166540658 3.047895645e-05 194.3046859 186.7895188 222.6461549 9.86748964e-39 44.06351564 9.745551712 138.2665163 456.8890904 0.9026260657 3.935099521e-47 1.250709914e-51 162.8392983 525.4200385 0.0001682017429 2.45878993 254.9264198 272.2756179 0 210.6620776 0 2.787849516e-41 0 0 0 0 0 0 0 0 0 0 0 0 0 0 0 
0 0 0 0 0 0 0 0 0 9.01678167e-48 0 69.8651886 0 0 0 3.101629562e-63 0 0 0 215.6994387 1.783366035e-34 1043.4514 315.993002 1.226831656e-34 0 94.34157034 9.744826176e-24 342.6909935 781.0344602 4.15602801e-37 185.2940763 1343.59803 317.7819095 117.3176547 0 1.833924239e-06 5.111204506e-09 275.2809092 633.8203636 292.878933 987.9158064 150.3114317 27.48993876 350.0574341 0 19.92734897 0 0.9770605946 0 0 0 0 0 0 0 0 0 0 0 0 
0 0 0 0 0 0 0 0 0 0 0 0 297.7994608 1.921575228e-65 0 14.78892736 0 128.8267297 2.65279139e-12 377.7209728 0 299.7234935 273.0179208 401.0129116 262.0697854 507.0587881 1430.964035 504.7505883 945.5816605 1138.860752 1991.224442 628.8420725 336.4616805 1.686156835e-20 1468.364953 441.9522618 552.2768471 815.3011353 278.4382888 216.1929506 133.3122181 148.6019266 661.3808062 233.5764329 1.232107008e-20 7.175202155e-51 2.941908019e-43 0 0 0 0 0 0 0 0 0 0 0 0 0 
0 0 0 0 0 0 0 0 0 0 0 163.7791672 0 0 9.695991224e-25 0 476.0002259 0 0 212.7449517 1527.272628 225.5313048 683.414647 751.8375847 54.84116842 521.0089176 796.6328232 635.3451322 1047.223162 261.8886983 1048.44547 774.6038125 1002.790502 749.1115852 1618.392626 0 415.4303821 0.9336673386 50.37067177 1148.586993 1.202353325e-07 368.1785094 158.9666675 697.7782634 9.382746233e-41 0 0 3.639118753 135.2493164 0 0 0 0 0 0 0 0 0 0 0 
0 0 0 0 0 0 0 0 0 0 0 0 0 758.1232994 965.0033392 967.2431608 2.038938734e-10 306.29656 3.37548079e-29 193.1997278 1356.581762 185.1353249 678.8465595 691.1056455 688.6234291 2824.500147 2265.748456 1187.611208 2412.721578 2455.22845 1589.33616 768.355819 577.8662223 715.4944873 1050.673037 1106.016557 1311.461839 280.0497523 1046.393155 403.9926122 0.04984137165 0.07277983253 338.9899099 619.0087225 167.2301645 923.5378695 378.4590351 445.5661191 225.0421496 0 36.89381831 0 0 0 0 0 0 0 0 0 
0 0 0 0 0 0 0 0 0 0 0 0 0 0 16.04194094 358.7972271 0 2.746450592e-08 3.2886705e-32 308.8810794 1013.817151 592.3183714 763.0513565 574.5329053 2246.071243 622.4719261 1751.401646 1499.213264 1567.361443 1228.750681 2209.806496 1621.757177 1837.297339 4271.388128 3181.523819 1931.399748 2524.943132 973.2445163 1770.055348 628.5032928 406.1257312 0 1267.860335 0 239.0614676 0.01433084735 0 134.0078408 0 205.3800815 0 0 0 0 0 0 0 0 0 0 
0 0 0 0 0 0 0 0 6.326923708e-14 0 0 1.335050387 0 93.01992168 297.7294112 308.1517427 142.8087016 940.6075025 692.8993372 1107.544596 1863.419407 1867.909656 3497.952585 2142.044525 1422.136369 1503.20255 2589.622025 2851.144324 3006.600064 1250.921885 2569.748438 1919.337391 2560.339988 2592.925519 2232.844471 535.9602554 824.2551902 1521.897035 2607.924303 155.8879684 5.584727169e-19 136.3637583 893.703999 0 3.964894356e-24 1601.518701 0 515.3689371 0 0 0 0 0 0 0 0 0 0 0 0 
0 0 0 0 0 0 0 0 207.6759884 0 0 309.377028 0 0 1586.3342 104.5639623 300.2159295 881.4045496 905.7021802 615.2460401 2068.179457 1490.556223 1633.768176 1152.842481 2307.236042 929.4278916 3993.860372 7001.962771 4705.093113 2763.801238 2451.424972 1421.08615 2216.916186 3059.356589 1972.227875 3484.554177 994.5028709 676.5326772 885.7561164 1569.96326 1523.032916 717.3756149 916.2808909 914.9182539 0 0 699.8292735 516.0330169 1.248955152e-19 344.7303006 0 0 0 0 0 0 0 0 0 0 
0 0 0 0 0 0 0 0 0 37.6020294 0 6.303124076 0 0 154.2004689 303.9859506 986.3262755 1483.749528 931.5788586 492.0114024 4749.906665 2110.640559 1658.698653 1220.648514 2440.445511 858.4138403 3336.6015 3860.702981 1782.391525 802.6578173 4533.152056 3120.635045 2640.156428 3144.143391 2910.428717 3088.517185 2454.924366 1765.764073 1246.969819 294.2645884 1154.398967 1297.48664 1.868684048 0 1202.206885 400.6246271 0 561.4776908 0 180.2968961 0 0 0 0 0 0 0 0 0 0 
0 0 0 0 0 0 0 0 0 0 0 0 0 567.1845024 407.5774615 780.5636318 1022.994877 357.7298075 1198.019718 2996.680336 1410.726645 3339.233037 1385.138415 3455.882732 2173.165817 3496.960571 4545.458609 2079.251726 3703.588152 5531.630111 4928.192723 5744.774047 4770.467031 7763.785158 7571.748782 2862.557126 2313.473266 1856.579754 2528.251753 1872.898861 1510.397658 1553.554434 2833.287781 0 1464.786617 9.02616656e-55 419.6669668 345.3704246 3.087095709e-08 0 506.5004536 0 0 0 0 0 0 0 0 0 
0 0 0 0 0 0 0 0 0 106.4775564 0 411.2135865 0 150.6540762 2.272943232e-24 1712.463018 361.6326549 614.3309772 2154.218499 1414.061798 2987.230197 3406.20193 2477.517175 5908.243726 1087.608037 2382.7727 2297.110756 3628.479501 5537.138972 5817.680782 3737.394614 5640.226069 5113.984721 3863.796528 5945.027324 5896.734217 6058.924764 3789.431833 1712.415536 1959.428037 2291.045339 646.4145867 124.2564526 1746.1892 0 444.3244576 532.6995443 902.6676388 0 43.0226087 0 0 0 0 0 0 0 0 0 0 
0 0 0 0 0 0 0 0 0 0 162.2166612 0 573.7524666 0 653.7236779 390.9719387 774.0839646 1095.073402 2344.18549 4110.875742 2596.314778 2308.884726 3759.189607 3273.70337 4505.281474 2957.601787 8680.385572 5925.060062 10100.76243 5854.136645 3203.548848 6028.588093 6371.469956 7263.659103 3498.497576 3158.065619 6521.533056 2384.669792 3073.2246 1726.462525 3540.520765 2726.723121 857.7976638 2267.485547 0 509.4440986 0 759.7060958 232.8775033 0 0 0 0 0 0 0 0 0 0 0 
0 0 0 0 0 0 0 0 0 0 498.6279321 276.9655089 384.3823973 585.2565408 1561.753444 1014.636712 2772.852391 3205.97841 2623.17084 2126.938242 1865.194073 3659.262383 8396.350359 4313.768912 4205.104058 3846.847216 5515.710359 4881.533609 6326.927492 9262.653169 7277.279938 11920.69016 8403.603594 4549.989417 4627.826342 6468.230233 4591.725597 7085.498188 4742.755138 3765.237719 1911.61413 1038.798847 3197.120624 1542.40756 346.7723863 935.8394071 439.1836365 598.0246132 0 0 0 451.5481666 0 0 0 0 0 0 0 0 
0 0 0 0 0 0 0 0 0 0 0 750.5704076 882.7707076 28.9168556 646.810747 1025.381071 499.2136267 135.7483405 3546.855539 1332.373679 4227.904773 3924.566442 4229.710106 5099.603487 6806.255335 6043.386203 7583.873406 4949.966022 11415.16366 8028.058147 7281.189047 4409.105165 10827.42939 8753.896546 10035.37127 10897.25808 3099.19136 5990.647493 6708.165977 4203.843333 5660.223282 2965.163015 2440.428252 1496.526221 1182.64664 640.7646423 751.6243017 2008.972515 198.9131798 0 0 187.1657271 0 0 0 0 0 0 0 0 
0 0 0 0 0 0 0 0 0 0 0 0.06065226445 1335.765456 589.4807808 0 3474.4873 2457.237613 4669.746141 2000.786631 3727.257416 6065.701268 5254.59726 4594.349306 6814.40371 6876.815944 8442.535402 8695.217789 8293.64638 9768.879553 10153.23769 9217.382699 11350.83378 9947.761328 8023.234145 6289.237364 10309.91222 7880.932219 7920.718929 6735.96194 5225.147703 4907.330316 1742.334997 1032.406313 3599.238261 2528.272472 706.9500588 665.1782536 1495.016594 0 983.1317313 263.7679096 0 0 0 0 0 0 0 0 0 
0 0 0 0 0 0 0 0 0 0 0 0 785.263362 1507.920762 971.5028118 586.387691 2951.658882 1925.778213 3513.976257 6077.841502 3993.866046 4019.984918 5929.378008 7315.803645 10316.5999 10378.85257 8231.949519 6472.761327 9044.026777 7072.470771 5840.237716 15590.94022 10511.10448 4628.602769 5363.577153 5440.496201 8200.565581 6055.331684 7693.460587 4971.049827 3364.151833 5600.061838 1362.641928 741.4804472 2076.844398 876.3683104 0 0 1151.23473 557.8235245 0 0 0 0 0 0 0 0 0 0 
0 0 0 0 0 0 0 752.0470883 128.7884938 753.3143094 922.8951913 754.0950588 321.5752018 1219.735144 252.7443393 721.4519709 2652.241447 1699.762099 3039.512019 4201.955058 2106.109451 7373.786755 3999.309895 11954.27695 13090.96114 9359.909042 9393.842137 13298.38137 11168.97158 9747.087674 9984.502298 14158.29522 12588.08976 10870.16968 10017.85291 3421.747196 4549.457147 6857.830942 6029.561073 6680.572738 4936.988973 3117.389891 1478.044637 1057.320816 750.6434179 1871.859175 1068.641158 537.5121498 0 866.9706355 0 0 384.9851254 0 1.068148546 0 0 0 0 0 
0 0 0 0 0 0 0 0 714.5823133 0 0 232.9225538 769.8871672 2635.359773 1807.972248 0.002225986185 3127.049535 2598.634178 1426.885256 8511.862985 5347.406895 7967.66991 5410.11947 8776.749607 7186.637947 14225.92282 6498.064181 13148.74042 15799.51158 13183.32699 9192.85942 9711.682346 14608.79027 15595.93689 9978.211887 8880.374295 8665.997852 12653.43019 5635.517265 7458.540127 6079.485379 3563.219621 3037.35576 3964.013509 2589.379172 0 2579.658972 1026.844368 276.9389171 852.3070206 0 0 0 0 0 0 0 0 0 0 
0 0 0 0 0 0 0 0 0 0 672.5894736 774.1169352 1477.860766 1205.501491 1348.415403 2167.806902 1642.841837 4618.174832 3630.758258 5791.761338 5421.395222 4424.159739 6963.748768 7298.819696 13193.21115 8452.127146 9587.443606 13126.02397 10893.22999 19964.60752 10904.88723 9523.409656 9284.004594 8216.752457 12475.58902 10113.37997 10296.80038 7838.944051 7280.024496 2186.332738 3426.339328 4093.664213 0 275.4395491 2691.87894 0 2302.289723 803.3664042 0 0 0 0 0 0 0 0 0 0 0 0 
0 0 0 0 0 0 0 0 0 686.6729869 764.9258033 1441.411043 580.6304723 1114.90225 655.3838895 1295.097589 3595.323267 4740.684598 2009.238767 3400.43267 3462.622097 6268.435398 5497.459834 5266.421778 15551.86432 7255.118569 10249.03808 13617.19011 10730.74384 12719.76877 15144.12117 9229.45579 7202.371805 9094.846308 11585.85791 9431.650712 11486.3047 5328.875621 4614.910923 7519.216612 1533.180528 1609.343352 3616.241176 3172.268105 1481.226701 2689.649658 3172.508442 1512.537129 840.2629066 0 0 173.9747831 0 0 0 0 0 0 0 0 
0 0 0 0 0 0 0 0 0 0 0 1042.119135 776.7022707 404.2262527 2176.252957 1578.485299 4628.87564 2163.671672 3162.615971 6120.124317 3455.968392 4629.973238 8653.675944 8209.145917 10326.76215 7846.705066 7351.865199 12380.7275 10658.67814 18973.86611 11776.9718 15619.09656 9837.635678 11944.54701 10248.06111 11155.44968 9193.932249 6778.648491 12199.52942 6916.294909 8559.448925 2352.499862 1851.745499 1504.432875 819.9353106 1523.262505 830.7370734 2710.623714 368.6225762 0 0 214.168991 0 0 0 0 0 0 0 0 
0 0 0 0 0 0 685.7892743 0 0 945.300907 0 173.4572952 774.2905603 0 727.9667014 672.5897257 1223.812579 3623.748765 4291.061883 6012.566664 4213.337648 8646.085133 12496.1577 5354.339573 11803.40527 12026.43226 9346.377625 10629.57308 10518.5878 14878.98603 19116.06744 15514.62322 10387.53022 7473.302864 8035.356407 15634.86661 9659.393789 11297.21207 7912.172072 7365.044795 5894.691137 3944.0976 3655.783786 1486.061473 1638.738323 0 787.3364437 409.033924 5.685174142 0 0 997.957109 0 0 0 0 0 0 0 0 
0 0 0 0 0 0 0 0 0 0 295.7654385 1000.403627 0 0 1641.907797 1692.743344 1437.504655 4077.415007 4790.496586 3033.784334 4131.522774 2281.48347 11125.91097 4626.3967 7137.812547 15470.50266 9688.968311 9433.217794 13063.40273 10551.88787 13059.54176 12273.4253 13714.73016 8982.143648 5201.173307 5710.495233 6376.332906 8964.885904 4229.503741 5753.357782 3063.945075 5245.611634 924.1958152 943.6569643 1857.118839 676.1873075 1641.714783 0 0 0 0 557.8603121 440.0807285 0 0 0 0 0 0 0 
0 0 0 0 0 0 0 0 0 0 0 0 601.9977491 595.4702523 584.0733083 706.6779345 1029.983465 3727.435253 1432.291383 2479.614648 4518.352089 4057.009792 4500.306874 6503.900264 6697.260452 8722.884889 9676.475161 7394.573338 9275.874151 13109.94 7522.650596 11331.95204 14470.41081 10439.68636 15381.25907 8822.35175 6125.360579 4227.463381 4885.244098 6176.911408 7491.318566 3784.322175 2967.182695 1758.45107 2336.659373 2374.844093 414.769452 1282.350381 0 0 0 0 0 0 0 0 0 0 0 0 
0 0 0 0 0 0 0 0 0 248.7146725 0 0 606.0689133 1322.444234 1661.340379 892.1874731 3368.931739 2336.884303 4693.520565 3959.04727 7229.253762 6425.794561 6616.094642 4974.387811 10627.16998 12071.64101 10256.67843 13695.13141 8866.590748 10952.82748 13069.68511 10753.69451 11328.79049 8791.222157 8522.485784 8948.862353 5036.088828 5092.362402 5457.611602 6683.467155 1947.020136 3321.295258 2151.47588 840.6646132 2963.043199 1338.761701 2926.505987 2351.019022 398.4089167 0 0 212.3066152 0 0 0 0 0 0 0 0 
0 0 0 0 0 0 0 0 0 0 367.3157325 325.4666325 0 0 1128.801967 2708.430205 3489.482917 123.1859298 2076.50247 3296.134356 2161.221264 4304.967002 6895.431002 7505.471982 3797.904091 11710.2498 5233.017468 10738.21929 10712.27063 10447.99939 9723.126112 12091.83841 3260.515578 9803.715645 7763.543232 13592.35517 9890.655864 4649.75077 3193.001285 3951.797971 2608.312087 3959.742893 4290.209634 2978.734303 921.4170157 825.9218352 1408.660333 0 1008.205399 1.359833671 0 425.0243028 0 0 0 0 0 0 0 0 
0 0 0 0 0 0 0 0 0 0 0 0 0 1633.708518 0 920.5467131 2936.762919 1532.236883 1530.099463 3937.829689 3730.647757 3043.617783 2387.510887 7919.072718 2819.673945 5055.471889 6430.644273 11406.53675 5505.064457 8611.242647 8406.029295 9412.415056 9877.380377 7217.629959 11408.51853 6314.989289 6099.253139 4691.075027 2488.583919 5526.391106 2889.764021 2912.969497 1186.872868 0 828.7023683 0 0 0 0 0 0 122.3652907 0 0 0 0 0 0 0 0 
0 0 0 0 0 0 765.7450057 0 0 0 88.14505804 708.1762855 0 239.0070899 693.8113658 364.7013347 763.4957379 2040.859123 3723.057329 2041.538246 2571.336415 2192.310333 4718.509619 5341.333063 5987.742272 6322.757266 4459.177533 6876.633043 7604.658021 8154.253212 5198.844703 7015.055111 9478.865544 5043.254886 7255.566118 5551.318881 6060.06273 3260.855199 7711.749515 5025.888658 4127.879346 3416.300986 1585.952682 2453.845556 2030.224866 2415.170982 0 847.0392138 0 0 0 0 427.7586756 0 0 0 0 0 0 0 
0 0 0 0 0 0 0 0 0 0 0 0 0 676.2253446 1734.434242 450.3131885 612.2122201 1388.703316 1727.604967 3081.789639 3278.496252 2963.872993 5899.899112 5369.473825 5508.982242 4013.752511 5449.448985 7082.684568 6571.221091 3938.63964 5181.729414 8578.382322 6949.004566 8128.569387 5150.559328 5218.299054 4472.673456 5230.755107 7456.35166 1719.577057 2035.938169 817.410424 780.1410811 286.5058016 0 753.9899745 970.4705496 386.5717946 1917.330754 444.4609148 626.5701627 0 0 0 0 0 0 0 0 0 
0 0 0 0 0 0 0 0 724.332761 0 0 783.2518174 619.935876 0 1000.398417 1049.066209 0 755.1601268 598.9764927 1632.72541 4720.726228 881.3830641 675.074906 5267.23091 4055.571349 3573.5795 3614.916528 4641.495478 3410.064403 5832.815763 5412.452031 8054.074515 5712.021052 5958.062557 6140.065511 3592.443949 3395.049039 614.1211564 2246.253644 1565.298326 3284.795559 521.7127728 1394.992639 881.1252643 0 728.3682896 0 1287.309842 755.2243008 420.8348444 0 0 0 0 0 0 0 0 0 0 
0 0 0 0 0 0 0 0 0 0 0 230.8152046 0 239.0459423 171.3515723 452.2677853 1572.656593 1692.642982 815.3753518 2942.131293 3316.297316 1972.763459 1337.02319 3244.846799 7217.883375 2346.983653 3901.111244 6635.933798 5944.916408 6767.142996 3725.245687 6664.35851 4938.934472 3115.366236 4389.811912 2361.77441 3112.683715 2765.338405 5626.068204 4387.746742 739.035535 241.0170326 1365.691138 0 1050.546647 1031.291321 878.7022778 1564.25433 281.8428423 0 0 0 0 0 0 0 0 0 0 0 
0 0 0 0 0 0 0 0 0 0 0 0 1661.093613 486.1691001 650.5245616 444.3737731 0 457.0061849 1475.12795 1994.533768 1149.987996 2490.767936 2056.601532 2457.003462 4998.143044 3407.272688 2640.858163 2348.488074 2884.342705 3895.692512 2182.715611 2398.248893 3864.638339 3808.496185 2528.824707 3021.667161 2410.323818 3580.532836 3259.333627 1067.147454 1951.328635 373.9752854 144.5624883 1044.010432 1097.02443 0.0004458341635 578.889329 0 2.683267051e-19 0 0 0 0 0 0 0 0 0 0 0 
0 0 0 0 0 0 0 0 0 57.34403387 0 0 0 0 337.7891235 184.6931068 0.007386477061 730.9273787 30.4152999 2.834106209e-29 1861.063736 3003.131334 3512.73372 1637.857573 1970.950909 2271.960216 930.8455276 3029.578746 3101.260439 6530.874106 1671.308832 3174.516674 2841.28009 2382.502542 1337.44567 741.4374378 1327.772584 1107.853903 926.1377127 1447.125892 946.1732831 1341.416176 774.3855791 0.0005157993068 547.228409 0 0 400.3037132 0 0 0 0 0 0 0 0 0 0 0 0 
0 0 0 0 0 0 0 0 0 0 1.258575306e-27 0 0 0 734.5293623 1025.550799 0 0 0 1438.954352 927.7325663 731.7630855 2155.012253 2257.473713 1786.69277 2204.944699 3095.841999 2891.390514 4652.768433 1903.465596 2129.165058 1873.972772 1448.912848 2074.662891 1428.164576 1388.963303 1492.758935 1287.78527 1813.31059 870.3850016 1598.166917 917.8280511 837.8684592 303.0228727 2.448438936e-51 0.9449589978 202.5956239 0 0 0 0 0 0 0 0 0 0 0 0 0 
0 0 0 0 0 0 0 0 0 0 0 0 0 0 69.3256398 1502.837099 35.7318621 267.9710575 679.6498785 869.0189971 675.388735 238.5211249 1817.139248 2831.710214 2282.094353 2294.475389 2178.870658 1071.009356 3013.726835 2684.986124 2208.389304 3567.736712 1200.891008 1017.939283 1491.577646 990.168297 2463.297555 768.1217369 501.9788498 974.1268148 0 759.6027183 33.15887778 0 0 326.5863276 0 362.1400823 441.7076885 40.42082732 0 0 0 0 0 0 0 0 0 0 
0 0 0 0 0 0 0 0 0 0 0 0 248.3485341 0 132.1410895 0 34.03086423 7.358846597 356.2419683 142.4489705 504.9453114 714.2621648 519.873765 1601.338505 1368.290451 761.8220093 1204.811004 409.42269 1629.456377 957.6742565 2179.662379 1707.611333 1720.629498 42.69241791 1472.360069 1285.516537 514.406529 1239.854658 673.6248331 1296.049495 816.5204461 703.6821052 748.101304 0.539983576 0 0 0 0 0 189.8266184 256.3148169 0 0 0 0 0 0 0 0 0 
0 0 0 0 0 0 0 0 0 0 0 0 0 0 260.4736169 358.6530749 423.20197 450.1269005 1.253586314e-78 142.3997261 1419.120161 569.3028275 0.004411454266 376.4576144 1632.404054 482.1230051 543.7329602 1961.485981 1353.176295 329.4457735 2665.019911 4.500195361e-19 1268.306001 2299.622658 1949.236341 1069.491377 780.4386115 114.7488346 92.73029872 277.0209538 384.9168966 5.41999471e-11 195.8306564 0.003244771019 532.9050071 0 299.5823781 0 0 0 0 0 0 1.383924311e-37 0 0 0 0 0 0 
0 0 0 0 0 0 0 0 224.4975418 0 0 0 0 0 0 0 776.6881503 34.34377355 5.680803857e-31 157.7643904 257.9448304 175.4021967 187.6693635 204.6425563 490.5589425 66.17567997 741.1104867 1262.636407 1060.311039 701.1394226 805.0631563 885.4631836 298.2730927 282.4764717 0.2314238999 121.5237422 172.8593264 90.25734367 160.0595655 370.2748475 540.126785 33.3635403 353.2870845 310.5547444 330.016435 1.227461644e-18 284.4798126 0 0 0 0 0 0 0 4.89753659e-71 0 0 0 0 0 
0 0 0 0 0 0 0 0 0 0 0 165.5585038 280.7042384 0 4.816623205e-31 0 1.04623087e-26 0.09160793031 0 7.223678957e-06 232.8837378 276.7618346 294.6722466 134.7250213 480.6367866 238.3583654 193.2723834 694.8588096 505.5212951 443.2047072 290.9386121 215.9906902 691.5842169 975.2057831 932.9177111 1.435746911e-42 413.8091281 140.967593 6.729114371e-29 257.17303 0 7.119873424e-09 2.326523089 0 0 0 0 0 0 0 0 0 0 0 0 0 0 0 0 0 
0 0 0 0 0 0 0 0 0 0 0 625.9332155 0 0 99.56118379 0 0 0 15.64469997 0 174.6232027 241.1006559 0 79.34552212 28.26814514 372.1310287 38.55857775 81.34801395 331.7540838 7.439627037e-45 385.4879956 187.8494982 165.8169303 0 3.001665235 425.587819 200.7795098 102.074071 7.275934268e-55 4.148054778e-53 2.796005421e-09 209.7576311 278.0655696 0 0 0 0 0 0 0 0 0 0 0 0 0 0 0 0 0 
0 0 0 0 0 0 0 0 0 0 0 0 0 3.199147291e-66 6.388491456e-20 0 1.083008513e-26 0 0 1.21011706e-35 23.00699087 147.8231573 1.472656635e-34 338.6737415 4.751829919e-11 538.7405165 3.987132021e-34 65.35345771 701.8209634 89.18382114 6.388912628e-25 8.199033242 192.1409359 152.4727941 39.477662 0 41.91118658 1.081865245 2.783648716e-26 0 2.840968501 353.366153 72.63672821 1.347051067e-07 0 2.391919392e-20 1.177167661e-27 0 0 0 0 0 0 0 0 0 0 0 0 0 
0 0 0 0 0 0 0 0 3.452654418e-70 1.223193068e-36 0 0 0 0 0 0 0 60.05805239 0 1.285289719e-32 0 9.441858704e-05 5.664205439e-64 0 67.61163727 382.0812749 0 357.8638378 92.02421384 2.400985019e-25 0.004056678374 41.43632329 148.2514307 24.21220082 7.235477862e-17 3.859002574e-59 232.4070394 9.6038221e-38 0 71.66027319 7.192351614e-45 95.08666624 0 0 4.694515183e-22 0 0 737.1614183 5.830009454e-38 0 0 0 0 0 0 0 0 0 0 0 
0 0 0 0 0 0 0 0 0 0 0 3.081763898e-06 0 0 0 0 0 0 0 1.044047256e-20 164.5429043 8.342235852 0 326.2271359 2.682928707e-73 3.353371748e-21 7.345709244e-63 183.2963602 446.9928584 163.3868711 362.3012314 0 0 8.85446197e-05 179.1311512 0 1.766527124e-39 0.03206535753 55.83479138 4.827671037e-72 4.41283059e-24 7.843471167e-61 0 0 0 8.54149219e-68 0 1.194337919e-25 0 0 0 0 0 0 0 0 0 0 0 0 
0 0 0 0 0 0 0 0 0 0 0 0 0 0 0 0 0 0 0 5.750283522e-11 0 7.452896977e-13 0 0 1.28234562e-56 0 0 0 0.3876205242 173.5509954 0 0 1.979409144e-103 1.065052385e-68 6.739596163e-20 1.075716005e-69 1.985059565e-68 0 0 0 3.324073811e-76 0 62.60134557 0 0 0 0 0 0 0 0 0 0 0 0 0 0 0 0 0 
0 0 0 0 0 0 0 0 0 0 0 0 0 0 0 0 0 0 8.017117947e-76 0 0 4.460451119e-16 48.17354232 78.27762464 0 0 1.22003318e-41 0.002922748285 0 1.908485891e-74 2.181480471e-13 0 4.31880967e-71 3.81900711e-97 0.0002024758716 3.510467039e-14 0 1.653203252e-36 0 1.537378534e-85 0 0 0 0 0 7.713290779e-76 0 0 0 0 0 0 0 0 0 0 0 0 0 0 
0 0 0 0 0 0 0 0 0 0 0 0 0 0 0 0 0 1.758129541e-28 0 3.216758631e-53 0 0 9.726824635e-63 3.53313493 0 0 0 0 0 91.64791065 1.158461657e-46 0 4.373289659e-103 2.143772306e-19 5.078393182e-88 0 0 0 0 6.487388916e-07 0 0 0 0 0 0 0 0 0 0 0 0 0 0 0 0 0 0 0 0 
0 0 0 0 0 0 0 0 0 0 0 0 0 0 0 0 0 0 0 0 0 0 0 2.033770601e-13 54.36536682 1.958559246e-100 0 1.16018416e-25 0 0 2.14605297e-92 5.318522229e-60 0 0 0 5.739868089e-69 0 0 0 0 0 0 0 0 1.593964993e-91 0 0 5.285726186e-92 0 0 0 0 0 0 0 0 0 0 0 0 
0 0 0 0 0 0 0 0 0 0 0 0 0 0 0 0 0 0 0 0 6.816324662e-27 0 0 0 0 0 0 0 0 0 0 0 0 0 0 0 0 0 0 0 0 0 0 0 0 0 0 0 0 0 0 0 0 0 0 0 0 0 0 0 
0 0 0 0 0 0 0 0 0 0 0 0 0 0 0 0 0 0 0 0 0 0 0 0 0 0 0 0 0 0 0 0 0 0 0 0 0 0 0 0 0 0 0 0 0 0 0 0 0 0 0 0 0 0 0 0 0 0 0 0 
0 0 0 0 0 0 0 0 0 0 0 0 0 0 0 0 0 0 0 0 0 0 0 0 0 0 0 0 0 0 0 0 0 1.0818697e-53 0 0 0 0 0 0 0 0 0 0 0 0 0 0 0 0 0 0 0 0 0 0 0 0 0 0 
# Errors [psd_sam/psd-sam.dat] I_err:
0 0 0 0 0 0 0 0 0 0 0 0 0 0 0 0 0 0 0 0 0 0 0 0 0 4.865769925e-50 0 0 0 0 0 0 1.207534514e-89 0 0 0 0 0 0 0 0 0 0 0 0 0 0 0 0 0 0 0 0 0 0 0 0 0 0 0 
0 0 0 0 0 0 0 0 0 0 0 0 0 0 0 0 0 0 0 0 0 0 0 7.786737395e-69 0 0 4.620045348e-26 0 0 0 0 0 0.9473720579 0 1.020435416e-60 2.080146393e-49 0 0 0 0 0 0 0 0 0 0 0 0 0 0 0 0 0 0 0 0 0 0 0 0 
0 0 0 0 0 0 0 0 0 0 0 0 0 0 0 0 0 0 0 0 0 0 0 0 0 2.024287125e-43 0 164.347813 0 0 0 8.808978652e-58 0 0 0 0 0 2.681483789e-94 0 0 0 0 0 0 0 0 0 0 0 0 0 0 0 0 0 0 0 0 0 0 
0 0 0 0 0 0 0 0 0 0 0 0 0 0 0 0 0 320.5905461 0 0 0 0 0 0 0.04271139317 0 6.223262102e-59 5.652123865e-57 4.165765123e-71 1.627553482e-05 0 0 6.106314541e-60 0 0 4.245792584e-66 2.964063174e-100 5.601733139e-31 0 0 0 0 0 0 0 0 0 0 0 0 0 0 0 0 0 0 0 0 0 0 
0 0 0 0 0 0 0 0 0 0 0 0 0 0 0 0 0 0 0 0 0 0 50.9129592 0 0 0 0 0 0 0 7.474848515e-60 0 0.04657295722 1.199412887e-102 0 0 0 1.841997959e-102 0 0 0 9.580210545e-67 0 115.4889395 0 228.8821673 0 0 0 0 0 0 0 0 0 0 0 0 0 0 
0 0 0 0 0 0 0 0 0 0 0 0 0 0 2.265658278e-45 0 253.8801264 0 3.114074837e-86 0 0 2.903140106e-83 4.407499122e-39 0 1.331342215e-11 1.032106889e-90 0 0 2.410302972e-32 0 1.165554414e-37 1.379534348e-08 6.965538154e-25 38.66396465 0.009709541074 0 0 2.397266323e-44 230.6665814 0 0 0 173.9904167 2.103096211e-67 0 0 0 0 0 0 0 0 0 0 0 0 0 0 0 0 
0 0 0 0 0 0 0 0 0 0 0 0 0 0 0 0 0 0 6.149124032e-32 0 0 0 6.860886692e-47 1.643843297e-62 4.427981347e-43 1.834572621e-35 8.869549587e-20 0 1.428052985e-48 180.6739293 22.12593817 9.620712406e-05 1.589187279e-50 221.2950307 121.3475304 199.7395626 0 8.278306446e-24 0 0 0.3552967525 8.584073678e-27 0 3.138968463e-94 0 0 0 21.97183395 1.365037876e-48 0 0 0 0 0 0 0 0 0 0 0 
0 0 0 0 0 0 0 0 0 0 0 0 20.52082055 0 0 0 0 0 198.4762697 0 115.9579525 63.39425721 259.3437331 5.203956941e-90 2.718474705e-58 6.98651972e-36 128.7169093 8.485947489e-22 3.935225907e-50 0 256.9345031 14.86139571 0.1914217226 1.015319212e-61 0 0 323.9627245 147.2995969 0 0.2153763078 0 0 1.631532576e-26 1.460836191e-52 0 0 0 0 0.001913445158 0 0 0 0 0 0 0 0 0 0 0 
0 0 0 0 0 0 0 0 0 0 0 0 0 3.020181502e-60 0 14.35070999 0 2.528114028e-12 0 3.838935507e-05 0 0 115.0085954 364.5557485 2.423494963e-05 139.1955582 6.60828084e-74 147.2059219 191.3175618 119.1364551 0.9866781646 2.00350699e-49 73.19233033 374.0927315 2.230935943e-20 4.022152593e-58 9.039314932e-64 8.629650328e-32 382.5499953 3.532797883e-48 1.227588344e-73 0 3.447831737 0 0 0 0 0 0 0 0 0 0 0 0 0 0 0 0 0 
0 0 0 0 0 0 0 0 0 0 0 0 0 0 0 0 0 1.079613198e-54 134.8474673 0 0 297.2848627 9.269010644e-05 53.37061405 8.979818227e-47 308.3273156 650.8832009 1.292314312e-08 810.8651088 544.7961689 6.363832611e-36 40.33028784 1.45227472e-47 407.3432278 393.1247289 3.659458571e-68 2.86804547 0 481.7860165 0 2.994548398e-34 0 4.728897659e-32 0 14.20347666 0 0 4.995374228e-16 0 0 0 0 0 0 0 0 0 0 0 0 
0 0 0 0 0 0 0 0 0 0 1.694750314 0 0 0 0 77.51969963 0 0 2.087787759e-75 84.61779762 6.936440303e-39 2.509422129e-31 0.2166540658 3.732894559e-05 165.8616057 180.0672662 201.8542965 1.208515733e-38 44.06351564 7.503204307 151.4631451 312.524004 1.042241715 3.935099521e-47 1.250709914e-51 182.0241657 525.4200385 0.0001942226431 2.45878993 312.2198253 272.2756179 0 210.6620776 0 2.787849516e-41 0 0 0 0 0 0 0 0 0 0 0 0 0 0 0 
0 0 0 0 0 0 0 0 0 9.01678167e-48 0 69.8651886 0 0 0 3.101629562e-63 0 0 0 264.1767813 2.184168405e-34 616.049131 387.0108086 1.502555779e-34 0 108.9070603 1.193492588e-23 258.3413587 602.4291557 4.15602801e-37 148.8364854 849.3566884 256.1917371 92.55565387 0 2.050389632e-06 6.259921506e-09 317.8670137 548.315498 358.7019711 621.5611009 150.3114317 27.48993876 350.0574341 0 19.92734897 0 0.9770605946 0 0 0 0 0 0 0 0 0 0 0 0 
0 0 0 0 0 0 0 0 0 0 0 0 297.7994608 1.921575228e-65 0 18.11266294 0 128.8267297 3.24899265e-12 348.2907301 0 299.7234935 305.243315 264.8210255 300.9084592 507.0587881 938.5446559 385.6390202 452.8192474 674.784347 850.4866982 381.0323267 253.5292905 1.686156835e-20 655.4063617 358.2259735 345.9207218 557.9064234 210.136106 264.7812075 163.2734554 171.5907246 763.696773 208.4335342 1.232107008e-20 7.175202155e-51 2.941908019e-43 0 0 0 0 0 0 0 0 0 0 0 0 0 
0 0 0 0 0 0 0 0 0 0 0 163.7791672 0 0 9.695991224e-25 0 582.5583595 0 0 223.1861547 837.1954161 276.2183089 515.5258392 511.9376733 67.16643975 582.5056783 607.9699129 411.0907893 446.0358563 298.8322794 650.8669356 470.7042425 492.6639799 443.6802533 918.8517033 0 415.4303821 0.9084219755 50.37067177 623.5337716 1.472576068e-07 368.1785094 194.6936108 697.7782634 1.149147033e-40 0 0 3.639118753 135.2493164 0 0 0 0 0 0 0 0 0 0 0 
0 0 0 0 0 0 0 0 0 0 0 0 0 928.5076229 434.197484 816.3727999 2.038938734e-10 306.29656 4.134102785e-29 211.3989163 801.2212493 226.7435396 390.5047952 428.4928225 558.905297 1080.991829 939.3308198 805.2778647 1219.267321 1184.841531 805.8290847 562.8661791 588.1155339 522.0485534 583.5549232 810.042248 941.7990327 342.9867148 596.8419718 403.9926122 0.04984137165 0.07277983253 391.4318309 619.0087225 204.8142858 829.61227 463.3687809 445.5661191 225.0421496 0 36.89381831 0 0 0 0 0 0 0 0 0 
0 0 0 0 0 0 0 0 0 0 0 0 0 0 16.04194094 358.7972271 0 2.746450592e-08 3.2886705e-32 353.8896542 710.7221995 370.0831702 483.21784 356.919111 1105.776276 397.8506859 1011.366065 978.0565128 848.2835803 741.0342754 916.4899957 792.0888524 680.6078257 1581.028343 1211.341049 974.9815995 1173.773511 631.0533726 950.1588126 490.6604569 352.2373532 0 820.8061794 0 292.7893064 0.01433084735 0 164.1254157 0 205.3800815 0 0 0 0 0 0 0 0 0 0 
0 0 0 0 0 0 0 0 6.326923708e-14 0 0 1.335050387 0 93.01992168 297.7294112 262.3080817 142.8087016 486.2625188 529.422069 583.1975504 779.9128579 948.4236079 1585.179974 999.514843 842.8059496 817.9941304 1079.799084 1216.417461 1131.225857 691.297882 1179.125653 1017.597906 1094.429196 1193.667957 899.3832104 453.4939392 436.5541957 750.3713833 1140.065859 149.5474739 5.584727169e-19 167.0108136 649.8668424 0 3.964894356e-24 980.12995 0 515.3689371 0 0 0 0 0 0 0 0 0 0 0 0 
0 0 0 0 0 0 0 0 207.6759884 0 0 309.377028 0 0 1109.521401 104.5639623 300.2159295 602.3971579 518.1197648 692.3011489 774.0564687 682.7721503 857.2367572 565.155585 966.785299 673.8746919 1425.137689 1990.972691 1539.817718 1053.855595 1266.589954 795.7336343 1058.155347 1189.210909 907.6028898 1417.41968 823.574734 568.3286934 709.1319486 940.9463102 868.3115182 473.0304913 536.1883667 553.3364696 0 0 699.8292735 516.0330169 1.248955152e-19 344.7303006 0 0 0 0 0 0 0 0 0 0 
0 0 0 0 0 0 0 0 0 37.6020294 0 6.303124076 0 0 188.8562335 303.9859506 614.327828 913.5320192 832.5578033 416.1115027 1593.991207 1061.491129 770.1309332 795.7664561 1108.388107 794.2555637 1369.287314 1333.979215 874.1400014 585.1144657 1590.586027 1141.405958 1033.88636 1252.957889 1242.811723 1254.780196 1024.563569 751.0602154 816.0438685 224.7672492 713.6383292 975.5776276 1.868684048 0 823.2793558 287.5602722 0 561.4776908 0 180.2968961 0 0 0 0 0 0 0 0 0 0 
0 0 0 0 0 0 0 0 0 0 0 0 0 567.1845024 326.9833923 780.5636318 612.6574198 240.537067 726.2687008 1341.661371 869.3998234 1299.014673 812.0341752 1402.035734 1041.223455 1494.722919 1406.284392 879.948515 1432.193048 1657.583016 1819.425929 1731.998443 1547.898291 2177.872071 2113.627615 1252.168028 1079.805606 984.6259508 1150.130528 881.9191515 707.6269729 846.8357938 1413.752843 0 1004.51244 9.02616656e-55 513.9849653 345.3704246 3.087095709e-08 0 506.5004536 0 0 0 0 0 0 0 0 0 
0 0 0 0 0 0 0 0 0 106.4775564 0 411.2135865 0 154.121856 2.272943232e-24 905.207927 284.4266076 465.5182211 1156.352348 875.6640661 1346.083463 1338.401202 1132.597217 1736.482943 766.5226789 1106.992051 1088.125184 1331.39439 1643.768898 1676.174807 1397.608213 1672.628295 1788.155317 1413.833397 1749.260217 1705.412695 1871.34104 1346.64086 1032.343004 1186.735424 1192.436396 442.298507 124.2564526 978.1693958 0 444.3244576 652.4210349 816.2134316 0 43.0226087 0 0 0 0 0 0 0 0 0 0 
0 0 0 0 0 0 0 0 0 0 162.2166612 0 573.7524666 0 653.7236779 478.8408768 774.0839646 816.5817029 936.6959365 1490.898384 1162.658228 1199.778124 1452.624873 1276.538297 1592.391283 1373.833826 2158.804856 1914.045094 2556.723043 1758.875142 1322.972661 1912.404186 1847.196339 2036.321197 1487.053465 1333.264502 2013.069067 1100.723 1318.688449 1150.615832 1442.639195 1290.82446 509.4629854 1091.470495 0 623.939047 0 759.7060958 232.8775033 0 0 0 0 0 0 0 0 0 0 0 
0 0 0 0 0 0 0 0 0 0 498.6279321 276.9655089 384.3823973 610.8776285 924.983541 649.527824 1408.93027 1438.613281 1201.075454 1218.999821 986.1011673 1471.65973 2194.132919 1626.162114 1681.253879 1351.598107 1838.566021 1720.934785 2000.190549 2404.374205 2115.901461 2772.061664 2313.065266 1497.858678 1638.889352 2042.46312 1742.250837 2148.481874 1468.28459 1560.799637 1093.538515 618.7008387 1474.770047 950.32708 346.7723863 670.8512256 439.1836365 598.0246132 0 0 0 451.5481666 0 0 0 0 0 0 0 0 
0 0 0 0 0 0 0 0 0 0 0 750.5704076 881.326023 28.9168556 646.810747 883.784785 499.2136267 135.7483405 1506.714691 1018.796387 1639.241153 1592.60709 1677.785244 1762.138915 2013.933558 1929.389472 2066.039809 1773.832594 2753.414561 2199.199498 2106.649258 1683.184666 2627.446943 2339.798629 2403.610083 2557.68897 1154.914172 2022.155562 2106.124791 1661.989257 1830.491093 1285.265552 1209.635235 1060.345601 843.1320451 640.7646423 728.1452428 1160.463553 198.9131798 0 0 187.1657271 0 0 0 0 0 0 0 0 
0 0 0 0 0 0 0 0 0 0 0 0.06065226445 944.7926782 433.287957 0 1445.930359 1332.949486 1659.410467 1057.836627 1437.447515 1965.200471 1896.727323 1612.467942 1995.425692 2019.458453 2374.332619 2331.323606 2291.682622 2512.320631 2505.425012 2304.753488 2667.750728 2491.614325 2184.338542 2053.030285 2509.63064 2222.939668 2230.570941 2173.876307 1679.907504 1670.037462 1045.815128 697.6307841 1423.24481 1291.826879 751.38676 491.4098517 1071.578436 0 704.8724137 263.7679096 0 0 0 0 0 0 0 0 0 
0 0 0 0 0 0 0 0 0 0 0 0 785.263362 1066.575676 877.3334773 428.7957456 1477.66757 1175.48859 1594.224841 1906.051664 1536.031015 1676.059666 1805.631858 2209.088881 2511.396139 2667.934216 2326.13125 1984.076577 2379.981086 2154.75735 1831.123653 3221.866143 2515.700065 1693.384546 1804.15261 1900.420031 2423.617329 1902.091196 2267.661648 1798.434592 1372.738586 1915.258684 978.8800587 542.7912637 1001.151225 724.7207902 0 0 942.6800868 557.8235245 0 0 0 0 0 0 0 0 0 0 
0 0 0 0 0 0 0 752.0470883 128.7884938 753.3143094 731.909749 754.0950588 321.5752018 857.0415892 203.0997519 721.4519709 1408.123867 958.4130035 1380.247744 1711.355621 990.2137549 2179.073786 1596.972206 2922.087696 2892.633139 2470.436771 2508.032721 2988.261356 2640.748281 2548.958725 2410.18203 3222.916941 2831.315397 2693.708561 2576.589487 1353.61193 1702.164586 2198.127386 1864.46213 2088.444739 1786.62361 1417.126136 1096.375567 822.9136757 604.3697607 961.0486425 854.6369977 537.5121498 0 866.9706355 0 0 384.9851254 0 1.068148546 0 0 0 0 0 
0 0 0 0 0 0 0 0 714.5823133 0 0 232.9225538 769.8871672 1371.420605 1097.817682 0.002225986185 1328.992435 1133.764673 1012.674057 2330.060247 1861.019662 2349.895928 1809.873383 2386.493212 2162.802127 3116.203896 1873.845799 2819.378558 3142.338088 2949.817382 2553.853614 2489.089798 3036.380033 3200.985218 2439.041644 2544.257995 2411.192693 2934.42588 1859.253874 2284.166918 2018.525819 1638.113926 1420.576488 1621.053702 1371.024703 0 1430.67505 985.6608688 276.9389171 852.3070206 0 0 0 0 0 0 0 0 0 0 
0 0 0 0 0 0 0 0 0 0 672.5894736 774.1169352 1045.01016 877.3476401 955.9713948 1205.019342 1011.929994 1776.256697 1591.424996 2065.278637 1938.383526 1687.226452 2186.591891 2080.419361 2993.321573 2196.510338 2437.980936 2918.948686 2674.116038 3755.577859 2687.50875 2540.88276 2450.578131 2245.714889 2837.251938 2692.914776 2506.005106 2160.774648 2148.806735 1192.613881 1517.901607 1653.599988 0 265.5066355 1375.320424 0 1211.518203 803.3664042 0 0 0 0 0 0 0 0 0 0 0 0 
0 0 0 0 0 0 0 0 0 686.6729869 764.9258033 918.9507099 580.6304723 791.8939553 731.8955574 952.4743568 1447.775725 1851.430503 1007.698446 1505.411645 1476.128061 1941.107636 1945.99643 1872.26197 3273.395822 2077.934183 2577.543841 2987.324922 2640.396677 2849.308505 3193.896176 2379.87527 2083.851693 2423.159704 2805.152247 2393.250955 2788.598579 1919.451039 1846.306047 2291.171539 848.7613183 1117.553669 1648.017918 1553.490315 1057.12386 1420.811952 1592.481684 1082.534771 840.2629066 0 0 173.9747831 0 0 0 0 0 0 0 0 
0 0 0 0 0 0 0 0 0 0 0 832.6095312 776.7022707 369.2823273 1258.174213 1143.582054 1866.094436 1257.351333 1392.392604 2065.281316 1523.808342 1620.80229 2458.662771 2307.827231 2581.759537 2367.391344 2204.154994 2924.841605 2622.129052 3471.375121 2700.023355 3143.795082 2469.202212 2818.509509 2667.303043 2718.376501 2523.672455 2211.579997 2947.619519 2217.263388 2434.807019 1313.650608 1082.505667 1064.680196 1004.210866 1163.058627 830.7370734 1341.897311 368.6225762 0 0 214.168991 0 0 0 0 0 0 0 0 
0 0 0 0 0 0 685.7892743 0 0 802.1342737 0 173.4572952 774.2905603 0 727.9667014 478.408394 893.6462654 1592.365007 1644.520237 2044.492411 1673.548998 2479.870825 2914.342227 1843.906793 2795.320316 2799.468836 2367.737347 2638.406713 2559.165934 3164.686097 3634.434811 3126.192395 2645.948729 2152.651714 2250.249909 3279.425202 2423.48872 2803.030201 2255.92297 2327.487657 1973.300375 1510.04944 1550.990452 970.598418 1158.801449 0 787.3364437 409.033924 5.685174142 0 0 764.3794325 0 0 0 0 0 0 0 0 
0 0 0 0 0 0 0 0 0 0 295.7654385 881.4933649 0 0 952.0139973 1047.234628 1000.102352 1698.515528 1785.53966 1503.661658 1631.758508 1193.240941 2707.923927 1701.605144 2231.044237 3286.810723 2419.973543 2454.796152 2905.568701 2537.00702 2941.219617 2763.775596 2966.59427 2302.519144 1712.388825 1971.101584 2077.692725 2492.759713 1821.992544 1962.600382 1421.54091 1867.39134 759.7402693 709.7113978 1212.807434 514.613111 973.386465 0 0 0 0 557.8603121 440.0807285 0 0 0 0 0 0 0 
0 0 0 0 0 0 0 0 0 0 0 0 601.9977491 595.4702523 584.0733083 706.6779345 814.5178908 1642.56845 934.609224 1211.925655 1587.378105 1668.945528 1589.205749 2048.798558 1997.56535 2376.967846 2460.999967 2223.61172 2380.93688 2911.603411 2173.449098 2651.396624 3107.24001 2622.33147 3140.873459 2391.455247 2030.494949 1535.065073 1839.510058 2032.673882 2339.636197 1613.778735 1363.187573 944.4577788 1166.937056 1289.91535 414.769452 817.0636035 0 0 0 0 0 0 0 0 0 0 0 0 
0 0 0 0 0 0 0 0 0 248.7146725 0 0 606.0689133 912.4945348 854.1677144 700.6372576 1482.493855 1147.27232 1810.192408 1563.96281 2215.919368 1910.829625 1993.044174 1786.538707 2556.398162 2785.535544 2427.922682 2900.927785 2356.189039 2682.638896 2864.236338 2669.246137 2543.95771 2380.674171 2313.711799 2318.970669 1799.806285 1723.070632 1968.233106 2125.985982 1243.2979 1543.212095 1272.096285 1026.719756 1454.053421 956.3591758 1473.768584 1336.089487 398.4089167 0 0 212.3066152 0 0 0 0 0 0 0 0 
0 0 0 0 0 0 0 0 0 0 367.3157325 325.4666325 0 0 838.0883926 1224.762645 1474.270979 123.1859298 1025.336185 1449.968531 1310.87805 1673.1724 1892.289072 2196.534367 1507.092345 2797.264885 1669.841061 2508.788485 2583.276165 2503.542773 2408.283537 2694.59563 1371.791528 2493.024914 2166.678997 2997.020986 2569.218713 1717.689343 1311.778107 1570.768268 1344.781634 1541.146961 1793.248413 1523.259652 754.8519922 776.8081192 1038.477522 0 734.4300356 1.359833671 0 368.7599062 0 0 0 0 0 0 0 0 
0 0 0 0 0 0 0 0 0 0 0 0 0 1045.34496 0 844.6010621 1322.072445 1135.1453 778.6229362 1532.015472 1557.448687 1145.719978 1078.455944 2235.358782 1309.536196 1773.231248 1937.234845 2666.780377 1861.016453 2270.449017 2221.453494 2451.702079 2428.656285 2230.84902 2526.292351 2111.944885 1924.364847 1681.85511 1243.903343 1966.514066 1342.333969 1529.203088 937.273605 0 827.2853102 0 0 0 0 0 0 122.3652907 0 0 0 0 0 0 0 0 
0 0 0 0 0 0 765.7450057 0 0 0 88.14505804 708.1762855 0 239.0070899 693.8113658 364.7013347 935.0873302 1015.154484 1406.662097 992.8245446 986.9805543 1138.893059 1793.021882 1756.921884 1893.253916 1950.364019 1604.280476 2112.750552 2139.906487 2179.149958 1769.336267 2015.513811 2485.025945 1763.528458 2243.28383 1719.622884 1931.007683 1399.229887 2149.330448 1845.897642 1636.520015 1537.75011 964.1632138 1342.489022 930.3700539 1368.375507 0 677.2568872 0 0 0 0 427.7586756 0 0 0 0 0 0 0 
0 0 0 0 0 0 0 0 0 0 0 0 0 521.3650107 969.9115388 375.2063514 550.6586226 1021.054237 1029.061006 1280.141767 1369.839771 1193.189329 1830.505275 1830.679082 1721.474501 1676.239963 1782.917883 1898.129602 1877.992666 1534.013784 1702.363196 2143.019075 1979.093514 2164.434731 1629.730905 1784.657156 1496.034141 1774.460877 2075.029404 1097.263191 1022.265378 712.8895203 631.7264383 286.5058016 0 753.9899745 750.3701833 378.4422995 1199.837549 444.4609148 626.5701627 0 0 0 0 0 0 0 0 0 
0 0 0 0 0 0 0 0 724.332761 0 0 811.4364024 454.4023754 0 841.7039564 893.3208292 0 847.6447153 469.1917132 779.9257476 1690.698472 562.3533145 519.801596 1688.195873 1468.099861 1381.824885 1269.804269 1383.601971 1293.645542 1768.389338 1821.541687 1997.162449 1800.823275 1827.491193 1903.879784 1528.836099 1356.683046 614.1211564 1178.325778 684.4602368 1340.095082 521.7127728 761.4171493 676.8496548 0 728.3682896 0 918.8120487 755.2243008 420.8348444 0 0 0 0 0 0 0 0 0 0 
0 0 0 0 0 0 0 0 0 0 0 230.8152046 0 239.0459423 171.3515723 322.5482875 1011.397503 1064.99097 716.186462 1407.924362 1497.228303 1006.015329 828.014982 1306.233089 2001.567816 1061.805159 1389.204747 1975.313386 1873.573535 1812.570796 1469.543179 1881.919729 1562.211877 1300.625641 1578.714727 1073.678438 1259.576584 1223.867129 1916.626367 1691.122746 565.2111778 241.0170326 848.0204058 0 782.8965075 751.2000058 784.5946589 921.9359678 281.8428423 0 0 0 0 0 0 0 0 0 0 0 
0 0 0 0 0 0 0 0 0 0 0 0 1030.799749 486.1691001 514.8996443 444.3737731 0 372.3385316 936.7834351 1089.971604 911.4006838 1069.021753 1134.80459 1051.280155 1756.036146 1298.489991 1133.346233 1286.026238 1337.663164 1519.796048 1078.296168 950.4802928 1483.189242 1428.759563 1190.16441 1262.796613 998.7160485 1376.752893 1294.310486 582.5003418 1004.896543 373.9752854 166.926383 875.7984343 775.7478824 0.0004458341635 654.2474678 0 3.286317559e-19 0 0 0 0 0 0 0 0 0 0 0 
0 0 0 0 0 0 0 0 0 57.34403387 0 0 0 0 390.0452828 226.2019354 0.007386477061 552.9724012 33.1202409 2.158906948e-29 1018.382786 1271.466035 1399.4732 809.0003218 1160.447987 1018.072905 647.1134996 1184.569034 1009.610741 1773.072983 854.0570891 1292.404178 1245.525071 995.3347286 760.3175056 471.4087782 713.4447744 533.3540452 847.5338832 689.1218054 876.6327827 1061.032296 593.0788556 0.0005157993068 670.2151874 0 0 400.3037132 0 0 0 0 0 0 0 0 0 0 0 0 
0 0 0 0 0 0 0 0 0 0 1.258575306e-27 0 0 0 524.7695223 856.3927033 0 0 0 798.0347982 719.8635104 844.9672288 1055.532994 1108.064862 1013.049843 1123.686024 1421.171416 1214.292863 1655.649083 826.1862961 1097.443425 871.0822585 748.5500405 1004.863913 1093.66603 989.4244597 708.8995959 854.0723609 843.7024208 620.467406 710.8102361 675.3683308 590.867296 231.4189621 2.448438936e-51 1.157333686 202.5956239 0 0 0 0 0 0 0 0 0 0 0 0 0 
0 0 0 0 0 0 0 0 0 0 0 0 0 0 69.3256398 762.9131859 35.7318621 267.9710575 832.322753 696.252342 577.992779 180.5060665 938.5653409 1211.697379 982.0166518 1090.999339 850.1481495 476.4078069 1210.473542 1114.776408 1152.865366 1393.09123 593.2271307 559.119614 614.0893256 670.4109305 951.1286203 433.6075578 406.734347 758.3640281 0 405.1214409 32.86852756 0 0 326.5863276 0 362.1400823 441.7076885 40.42082732 0 0 0 0 0 0 0 0 0 0 
0 0 0 0 0 0 0 0 0 0 0 0 248.3485341 0 132.1410895 0 36.75753137 7.358846597 277.0424006 174.4636461 312.296776 478.2649082 483.2905576 795.4485553 619.0747374 419.7110689 537.4404277 286.5795469 784.5483779 442.7146486 1067.4992 939.0318301 819.0193583 47.73157428 855.1421186 913.3088727 514.1350769 603.1359659 516.4751596 917.7196464 423.8156277 545.2344737 863.8329785 0.539983576 0 0 0 0 0 231.4629823 256.3148169 0 0 0 0 0 0 0 0 0 
0 0 0 0 0 0 0 0 0 0 0 0 0 0 260.4736169 358.6530749 333.6866639 450.1269005 1.253586314e-78 174.4033343 1019.138438 359.5108904 0.005093908589 416.4330696 1073.580004 302.3322294 317.1993688 844.1424818 908.2500239 313.7093131 1193.727039 5.031371311e-19 936.2238565 976.3553129 962.0166539 891.539187 408.7797804 140.5380467 92.73029872 319.8762445 296.5648586 5.41999471e-11 239.8425921 0.003244771019 532.9050071 0 299.5823781 0 0 0 0 0 0 1.383924311e-37 0 0 0 0 0 0 
0 0 0 0 0 0 0 0 224.4975418 0 0 0 0 0 0 0 800.6361065 34.34377355 5.680803857e-31 193.221128 315.9166081 175.4021967 229.8470904 228.6708689 347.6450886 73.98665712 625.2791964 673.3864773 782.8776914 426.8497613 448.0241924 551.4009508 237.4262025 218.9343124 0.2834352345 92.78485766 173.4552033 100.3274297 122.564564 427.5565658 661.5175092 40.85623827 387.0059733 339.6384224 330.016435 1.503327354e-18 284.4798126 0 0 0 0 0 0 0 4.89753659e-71 0 0 0 0 0 
0 0 0 0 0 0 0 0 0 0 0 165.5585038 280.7042384 0 4.816623205e-31 0 1.04623087e-26 0.09160793031 0 7.223678957e-06 259.8523317 276.7618346 340.2582018 134.7250213 367.2190392 266.4927541 201.0378328 518.7105312 416.2009323 399.4279726 194.9092363 208.6137795 515.1992029 892.5549891 735.3416728 1.435746911e-42 323.734561 152.2624028 8.241448306e-29 257.17303 0 7.119873424e-09 2.326523089 0 0 0 0 0 0 0 0 0 0 0 0 0 0 0 0 0 
0 0 0 0 0 0 0 0 0 0 0 764.3644951 0 0 99.56118379 0 0 0 19.16076606 0 189.2843035 245.494172 0 70.88358625 34.62126578 444.8851498 44.52361049 94.47938203 240.4086146 9.111639933e-45 445.1231961 216.9099167 165.8169303 0 3.466024462 377.8851762 245.7456469 117.8643574 8.911163179e-55 4.148054778e-53 2.796005421e-09 209.7576311 340.5593803 0 0 0 0 0 0 0 0 0 0 0 0 0 0 0 0 0 
0 0 0 0 0 0 0 0 0 0 0 0 0 3.199147291e-66 6.388491456e-20 0 1.083008513e-26 0 0 1.21011706e-35 28.17769408 170.6731222 1.700477408e-34 377.9012039 5.819779324e-11 382.4904646 4.457749118e-34 51.50490184 449.9474566 109.2274275 7.824787974e-25 8.998686172 206.3459773 186.7402726 44.13442638 0 51.33051082 1.185123988 3.409259489e-26 0 2.840968501 271.2054567 72.63672821 1.347051067e-07 0 2.391919392e-20 1.177167661e-27 0 0 0 0 0 0 0 0 0 0 0 0 0 
0 0 0 0 0 0 0 0 3.452654418e-70 1.223193068e-36 0 0 0 0 0 0 0 60.05805239 0 1.285289719e-32 0 9.441858704e-05 5.664205439e-64 0 82.80700599 315.7142186 0 438.2919 92.02421384 2.400985019e-25 0.004968396033 50.74892444 181.5701794 24.21220082 8.354810183e-17 3.859002574e-59 235.5451377 9.6038221e-38 0 71.66027319 7.192351614e-45 95.08666624 0 0 4.694515183e-22 0 0 737.1614183 5.830009454e-38 0 0 0 0 0 0 0 0 0 0 0 
0 0 0 0 0 0 0 0 0 0 0 3.081763898e-06 0 0 0 0 0 0 0 1.044047256e-20 201.5230781 8.342235852 0 399.5447978 2.682928707e-73 4.10702485e-21 8.482094419e-63 209.6810197 338.2349352 197.6768977 282.6551044 0 0 8.85446197e-05 219.3899587 0 1.766527124e-39 0.03927188218 55.83479138 5.912665343e-72 5.404591633e-24 7.843471167e-61 0 0 0 8.54149219e-68 0 1.462759241e-25 0 0 0 0 0 0 0 0 0 0 0 0 
0 0 0 0 0 0 0 0 0 0 0 0 0 0 0 0 0 0 0 5.750283522e-11 0 7.452896977e-13 0 0 1.570439815e-56 0 0 0 0.3876205242 190.1155901 0 0 1.979409144e-103 1.065052385e-68 6.739596163e-20 1.075716005e-69 1.985059565e-68 0 0 0 3.324073811e-76 0 62.60134557 0 0 0 0 0 0 0 0 0 0 0 0 0 0 0 0 0 
0 0 0 0 0 0 0 0 0 0 0 0 0 0 0 0 0 0 8.017117947e-76 0 0 4.460451119e-16 55.6260065 78.27762464 0 0 1.22003318e-41 0.003579620972 0 1.908485891e-74 2.671757019e-13 0 5.289439994e-71 3.81900711e-97 0.0002024758716 3.510467039e-14 0 2.024752204e-36 0 1.537378534e-85 0 0 0 0 0 7.713290779e-76 0 0 0 0 0 0 0 0 0 0 0 0 0 0 
0 0 0 0 0 0 0 0 0 0 0 0 0 0 0 0 0 1.758129541e-28 0 3.216758631e-53 0 0 1.191287859e-62 3.53313493 0 0 0 0 0 105.1012567 1.158461657e-46 0 4.373289659e-103 2.143772306e-19 6.219736005e-88 0 0 0 0 6.487388916e-07 0 0 0 0 0 0 0 0 0 0 0 0 0 0 0 0 0 0 0 0 
0 0 0 0 0 0 0 0 0 0 0 0 0 0 0 0 0 0 0 0 0 0 0 2.033770601e-13 54.36536682 1.958559246e-100 0 1.16018416e-25 0 0 2.266660698e-92 5.318522229e-60 0 0 0 5.739868089e-69 0 0 0 0 0 0 0 0 1.952199928e-91 0 0 5.285726186e-92 0 0 0 0 0 0 0 0 0 0 0 0 
0 0 0 0 0 0 0 0 0 0 0 0 0 0 0 0 0 0 0 0 6.816324662e-27 0 0 0 0 0 0 0 0 0 0 0 0 0 0 0 0 0 0 0 0 0 0 0 0 0 0 0 0 0 0 0 0 0 0 0 0 0 0 0 
0 0 0 0 0 0 0 0 0 0 0 0 0 0 0 0 0 0 0 0 0 0 0 0 0 0 0 0 0 0 0 0 0 0 0 0 0 0 0 0 0 0 0 0 0 0 0 0 0 0 0 0 0 0 0 0 0 0 0 0 
0 0 0 0 0 0 0 0 0 0 0 0 0 0 0 0 0 0 0 0 0 0 0 0 0 0 0 0 0 0 0 0 0 1.0818697e-53 0 0 0 0 0 0 0 0 0 0 0 0 0 0 0 0 0 0 0 0 0 0 0 0 0 0 
# Events [psd_sam/psd-sam.dat] N:
0 0 0 0 0 0 0 0 0 0 0 0 0 0 0 0 0 0 0 0 0 0 0 0 0 1 0 0 0 0 0 0 1 0 0 0 0 0 0 0 0 0 0 0 0 0 0 0 0 0 0 0 0 0 0 0 0 0 0 0 
0 0 0 0 0 0 0 0 0 0 0 0 0 0 0 0 0 0 0 0 0 0 0 1 0 0 1 0 0 0 0 0 1 0 1 1 0 0 0 0 0 0 0 0 0 0 0 0 0 0 0 0 0 0 0 0 0 0 0 0 
0 0 0 0 0 0 0 0 0 0 0 0 0 0 0 0 0 0 0 0 0 0 0 0 0 1 0 1 0 0 0 2 0 0 0 0 0 1 0 0 0 0 0 0 0 0 0 0 0 0 0 0 0 0 0 0 0 0 0 0 
0 0 0 0 0 0 0 0 0 0 0 0 0 0 0 0 0 1 0 0 0 0 0 0 1 0 1 2 1 1 0 0 1 0 0 1 1 1 0 0 0 0 0 0 0 0 0 0 0 0 0 0 0 0 0 0 0 0 0 0 
0 0 0 0 0 0 0 0 0 0 0 0 0 0 0 0 0 0 0 0 0 0 2 0 0 0 0 0 0 0 1 0 1 1 0 0 0 1 0 0 0 1 0 1 0 1 0 0 0 0 0 0 0 0 0 0 0 0 0 0 
0 0 0 0 0 0 0 0 0 0 0 0 0 0 1 0 1 0 1 0 0 1 1 0 1 1 0 0 1 0 1 1 2 1 3 0 0 1 2 0 0 0 2 1 0 0 0 0 0 0 0 0 0 0 0 0 0 0 0 0 
0 0 0 0 0 0 0 0 0 0 0 0 0 0 0 0 0 0 1 0 0 0 1 2 1 2 1 0 1 2 2 1 1 2 4 3 0 1 0 0 1 1 0 1 0 0 0 1 1 0 0 0 0 0 0 0 0 0 0 0 
0 0 0 0 0 0 0 0 0 0 0 0 1 0 0 0 0 0 1 0 1 3 1 1 1 3 2 1 2 0 1 2 2 1 0 0 4 2 0 3 0 0 1 1 0 0 0 0 1 0 0 0 0 0 0 0 0 0 0 0 
0 0 0 0 0 0 0 0 0 0 0 0 0 1 0 1 0 1 0 1 0 0 2 5 4 2 1 2 2 3 3 1 2 3 3 2 1 1 4 1 1 0 2 0 0 0 0 0 0 0 0 0 0 0 0 0 0 0 0 0 
0 0 0 0 0 0 0 0 0 0 0 0 0 0 0 0 0 1 2 0 0 4 2 2 1 4 4 3 4 5 2 5 2 3 2 1 2 0 1 0 1 0 1 0 1 0 0 1 0 0 0 0 0 0 0 0 0 0 0 0 
0 0 0 0 0 0 0 0 0 0 1 0 0 0 0 1 0 0 1 1 1 1 1 2 4 7 4 2 1 4 5 6 3 1 1 4 1 3 1 2 1 0 1 0 1 0 0 0 0 0 0 0 0 0 0 0 0 0 0 0 
0 0 0 0 0 0 0 0 0 1 0 1 0 0 0 1 0 0 0 2 2 3 2 2 0 3 2 6 7 1 4 4 3 2 0 4 2 3 3 2 3 1 1 1 0 1 0 1 0 0 0 0 0 0 0 0 0 0 0 0 
0 0 0 0 0 0 0 0 0 0 0 0 1 1 0 2 0 1 2 2 0 1 4 4 3 1 4 6 8 6 14 7 6 1 10 4 7 5 2 2 2 3 3 2 1 1 1 0 0 0 0 0 0 0 0 0 0 0 0 0 
0 0 0 0 0 0 0 0 0 0 0 1 0 0 1 0 2 0 0 2 8 2 6 4 2 4 4 7 8 3 10 4 11 6 5 0 1 4 1 5 2 1 2 1 2 0 0 1 1 0 0 0 0 0 0 0 0 0 0 0 
0 0 0 0 0 0 0 0 0 0 0 0 0 2 6 2 1 1 2 5 8 2 6 4 5 11 9 7 8 13 12 6 3 8 6 8 3 2 7 1 1 1 3 1 2 2 2 1 1 0 1 0 0 0 0 0 0 0 0 0 
0 0 0 0 0 0 0 0 0 0 0 0 0 0 1 1 0 1 1 3 3 4 5 3 10 8 8 7 8 8 12 8 9 13 11 10 10 5 8 3 4 0 4 0 2 1 0 2 0 1 0 0 0 0 0 0 0 0 0 0 
0 0 0 0 0 0 0 0 1 0 0 1 0 1 1 2 1 4 3 5 7 8 7 9 5 8 11 10 10 9 14 9 7 7 10 5 8 5 12 4 1 2 2 0 1 3 0 1 0 0 0 0 0 0 0 0 0 0 0 0 
0 0 0 0 0 0 0 0 1 0 0 1 0 0 4 1 1 3 6 2 8 7 8 5 10 7 10 15 13 12 10 6 8 10 10 11 6 3 3 3 6 3 3 5 0 0 1 1 1 1 0 0 0 0 0 0 0 0 0 0 
0 0 0 0 0 0 0 0 0 1 0 1 0 0 2 1 3 4 3 3 13 5 6 4 8 3 10 13 7 2 13 12 9 12 11 9 9 8 4 3 4 2 1 0 4 2 0 1 0 1 0 0 0 0 0 0 0 0 0 0 
0 0 0 0 0 0 0 0 0 0 0 0 0 1 3 1 3 3 3 8 3 13 9 8 6 8 14 9 10 15 12 16 12 16 21 8 8 4 6 6 8 5 6 0 4 1 2 1 1 0 1 0 0 0 0 0 0 0 0 0 
0 0 0 0 0 0 0 0 0 1 0 1 0 2 1 4 4 4 5 6 5 9 8 14 3 9 9 12 16 18 11 15 13 12 15 17 11 11 4 4 5 4 1 4 0 1 2 2 0 1 0 0 0 0 0 0 0 0 0 0 
0 0 0 0 0 0 0 0 0 0 1 0 1 0 1 2 1 2 10 11 8 5 9 9 13 7 22 13 20 17 7 13 18 18 10 7 16 7 7 3 9 5 3 6 0 2 0 1 1 0 0 0 0 0 0 0 0 0 0 0 
0 0 0 0 0 0 0 0 0 0 1 1 1 2 5 3 4 6 5 4 6 7 17 8 8 12 11 13 13 19 13 23 16 12 9 13 11 12 13 6 4 3 5 5 1 2 1 1 0 0 0 1 0 0 0 0 0 0 0 0 
0 0 0 0 0 0 0 0 0 0 0 1 2 1 1 2 1 1 7 3 8 9 7 13 14 12 18 9 21 16 14 11 21 17 21 23 9 10 12 9 12 6 5 2 2 1 2 3 1 0 0 1 0 0 0 0 0 0 0 0 
0 0 0 0 0 0 0 0 0 0 0 1 2 2 0 6 4 9 6 8 11 8 9 16 15 16 18 17 17 22 21 24 19 16 13 22 17 14 11 11 10 4 3 7 4 2 2 2 0 2 1 0 0 0 0 0 0 0 0 0 
0 0 0 0 0 0 0 0 0 0 0 0 1 2 2 2 4 4 5 13 8 7 19 13 20 20 15 15 16 14 15 26 21 10 11 9 14 12 14 9 8 10 3 2 5 2 0 0 2 1 0 0 0 0 0 0 0 0 0 0 
0 0 0 0 0 0 0 1 1 1 3 1 1 3 2 1 4 4 7 8 6 14 8 19 24 17 15 24 21 17 20 20 24 23 16 7 10 12 12 12 8 6 3 2 2 4 2 1 0 1 0 0 1 0 1 0 0 0 0 0 
0 0 0 0 0 0 0 0 1 0 0 1 1 4 4 1 6 6 2 16 9 13 11 15 14 24 16 25 29 26 16 18 28 27 21 15 15 20 11 12 10 5 5 7 4 0 4 2 1 1 0 0 0 0 0 0 0 0 0 0 
0 0 0 0 0 0 0 0 0 0 1 1 2 2 2 4 3 8 6 9 9 8 12 14 24 20 19 23 18 32 18 16 16 18 22 15 21 17 14 4 6 7 0 3 4 0 4 1 0 0 0 0 0 0 0 0 0 0 0 0 
0 0 0 0 0 0 0 0 0 1 1 3 1 2 2 2 8 7 5 6 7 16 11 11 24 16 19 24 19 27 24 17 16 18 18 19 19 12 9 13 4 3 5 5 2 4 4 2 1 0 0 1 0 0 0 0 0 0 0 0 
0 0 0 0 0 0 0 0 0 0 0 3 1 2 3 4 7 3 7 10 6 11 13 14 18 14 14 20 19 33 22 29 18 22 17 21 16 11 19 11 14 4 4 2 2 3 1 5 1 0 0 1 0 0 0 0 0 0 0 0 
0 0 0 0 0 0 1 0 0 2 0 1 1 0 1 2 4 6 8 10 9 13 22 9 21 23 19 22 20 28 30 30 19 13 17 26 19 18 13 11 10 8 7 3 2 0 1 1 1 0 0 3 0 0 0 0 0 0 0 0 
0 0 0 0 0 0 0 0 0 0 1 2 0 0 4 4 3 8 10 5 7 4 18 9 12 26 19 18 25 21 22 26 24 20 11 9 14 15 6 10 6 9 2 2 4 2 3 0 0 0 0 1 1 0 0 0 0 0 0 0 
0 0 0 0 0 0 0 0 0 0 0 0 1 1 1 1 3 7 4 6 13 7 10 13 13 17 19 13 18 22 15 24 26 19 27 16 10 11 8 13 11 7 7 4 5 4 1 3 0 0 0 0 0 0 0 0 0 0 0 0 
0 0 0 0 0 0 0 0 0 1 0 0 1 3 4 3 7 5 9 9 12 13 13 9 21 21 24 25 19 18 28 21 25 17 15 18 9 12 9 12 4 5 3 2 5 3 4 4 1 0 0 1 0 0 0 0 0 0 0 0 
0 0 0 0 0 0 0 0 0 0 1 1 0 0 2 6 7 1 6 7 4 8 18 13 8 19 13 25 22 21 20 24 8 16 16 23 19 10 7 8 4 7 7 5 2 3 2 0 2 1 0 2 0 0 0 0 0 0 0 0 
0 0 0 0 0 0 0 0 0 0 0 0 0 3 0 3 5 3 5 8 9 11 7 15 6 12 14 21 13 20 20 20 21 13 24 12 14 9 5 11 5 5 4 0 2 0 0 0 0 0 0 1 0 0 0 0 0 0 0 0 
0 0 0 0 0 0 1 0 0 0 1 1 0 1 1 1 2 6 9 5 9 5 8 13 12 13 11 13 17 18 15 15 18 11 14 12 11 8 15 10 7 6 5 4 6 4 0 2 0 0 0 0 1 0 0 0 0 0 0 0 
0 0 0 0 0 0 0 0 0 0 0 0 0 2 4 2 2 5 3 11 8 10 12 12 15 10 14 17 17 12 13 21 17 16 14 12 12 10 17 4 7 2 2 1 0 1 2 2 3 1 1 0 0 0 0 0 0 0 0 0 
0 0 0 0 0 0 0 0 1 0 0 3 2 0 2 2 0 2 3 6 12 4 3 13 11 9 10 14 10 15 12 22 14 14 13 11 9 1 8 7 7 1 5 3 0 1 0 2 1 1 0 0 0 0 0 0 0 0 0 0 
0 0 0 0 0 0 0 0 0 0 0 1 0 1 1 2 4 4 5 6 6 5 5 9 18 9 11 15 12 17 10 18 13 9 12 7 8 6 12 9 2 1 3 0 2 2 2 3 1 0 0 0 0 0 0 0 0 0 0 0 
0 0 0 0 0 0 0 0 0 0 0 0 3 1 2 1 0 3 5 5 2 9 7 9 13 14 9 9 6 14 8 11 10 12 10 9 7 8 11 5 8 1 3 2 2 1 3 0 2 0 0 0 0 0 0 0 0 0 0 0 
0 0 0 0 0 0 0 0 0 1 0 0 0 0 3 2 1 2 4 2 5 8 13 9 6 8 4 13 13 23 9 11 10 11 7 4 6 6 6 7 2 3 3 1 2 0 0 1 0 0 0 0 0 0 0 0 0 0 0 0 
0 0 0 0 0 0 0 0 0 0 1 0 0 0 2 3 0 0 0 7 2 3 9 10 7 11 9 11 13 12 8 9 7 10 5 5 5 4 9 5 7 4 3 3 1 2 1 0 0 0 0 0 0 0 0 0 0 0 0 0 
0 0 0 0 0 0 0 0 0 0 0 0 0 0 1 4 1 1 2 4 4 6 5 11 11 11 13 10 10 11 8 10 9 6 9 4 11 5 2 3 0 4 3 0 0 1 0 1 1 1 0 0 0 0 0 0 0 0 0 0 
0 0 0 0 0 0 0 0 0 0 0 0 1 0 1 0 6 1 5 2 4 5 3 6 8 8 10 10 8 8 9 10 11 4 9 9 5 7 3 2 6 3 3 1 0 0 0 0 0 2 1 0 0 0 0 0 0 0 0 0 
0 0 0 0 0 0 0 0 0 0 0 0 0 0 1 1 2 1 1 2 5 3 3 4 3 7 8 8 5 4 8 4 6 14 9 6 7 2 1 3 3 1 2 1 1 0 1 0 0 0 0 0 0 1 0 0 0 0 0 0 
0 0 0 0 0 0 0 0 1 0 0 0 0 0 0 0 3 1 1 2 2 1 2 4 3 4 10 7 10 5 6 5 4 3 2 2 4 4 2 3 2 2 5 3 1 2 1 0 0 0 0 0 0 0 1 0 0 0 0 0 
0 0 0 0 0 0 0 0 0 0 0 1 1 0 1 0 1 1 0 1 4 1 3 1 4 4 6 6 7 6 4 4 9 3 2 1 4 6 2 1 0 1 1 0 0 0 0 0 0 0 0 0 0 0 0 0 0 0 0 0 
0 0 0 0 0 0 0 0 0 0 0 2 0 0 1 0 0 0 2 0 2 3 0 6 2 2 3 2 2 2 3 3 1 0 3 4 2 3 2 1 1 1 2 0 0 0 0 0 0 0 0 0 0 0 0 0 0 0 0 0 
0 0 0 0 0 0 0 0 0 0 0 0 0 1 1 0 1 0 0 1 2 3 3 4 2 2 4 2 6 2 2 4 4 2 4 0 2 5 2 0 1 2 1 1 0 1 1 0 0 0 0 0 0 0 0 0 0 0 0 0 
0 0 0 0 0 0 0 0 1 1 0 0 0 0 0 0 0 1 0 1 0 1 1 0 2 2 0 2 1 1 2 2 2 1 3 1 5 1 0 1 1 1 0 0 1 0 0 1 1 0 0 0 0 0 0 0 0 0 0 0 
0 0 0 0 0 0 0 0 0 0 0 1 0 0 0 0 0 0 0 1 2 1 0 2 1 2 3 3 2 2 5 0 0 1 2 0 1 2 1 2 2 1 0 0 0 1 0 2 0 0 0 0 0 0 0 0 0 0 0 0 
0 0 0 0 0 0 0 0 0 0 0 0 0 0 0 0 0 0 0 1 0 1 0 0 2 0 0 0 1 5 0 0 1 1 1 1 1 0 0 0 1 0 1 0 0 0 0 0 0 0 0 0 0 0 0 0 0 0 0 0 
0 0 0 0 0 0 0 0 0 0 0 0 0 0 0 0 0 0 1 0 0 1 3 1 0 0 1 2 0 1 2 0 2 1 1 1 0 2 0 1 0 0 0 0 0 1 0 0 0 0 0 0 0 0 0 0 0 0 0 0 
0 0 0 0 0 0 0 0 0 0 0 0 0 0 0 0 0 1 0 1 0 0 2 1 0 0 0 0 0 2 1 0 1 1 2 0 0 0 0 1 0 0 0 0 0 0 0 0 0 0 0 0 0 0 0 0 0 0 0 0 
0 0 0 0 0 0 0 0 0 0 0 0 0 0 0 0 0 0 0 0 0 0 0 1 1 1 0 1 0 0 2 1 0 0 0 1 0 0 0 0 0 0 0 0 2 0 0 1 0 0 0 0 0 0 0 0 0 0 0 0 
0 0 0 0 0 0 0 0 0 0 0 0 0 0 0 0 0 0 0 0 1 0 0 0 0 0 0 0 0 0 0 0 0 0 0 0 0 0 0 0 0 0 0 0 0 0 0 0 0 0 0 0 0 0 0 0 0 0 0 0 
0 0 0 0 0 0 0 0 0 0 0 0 0 0 0 0 0 0 0 0 0 0 0 0 0 0 0 0 0 0 0 0 0 0 0 0 0 0 0 0 0 0 0 0 0 0 0 0 0 0 0 0 0 0 0 0 0 0 0 0 
0 0 0 0 0 0 0 0 0 0 0 0 0 0 0 0 0 0 0 0 0 0 0 0 0 0 0 0 0 0 0 0 0 1 0 0 0 0 0 0 0 0 0 0 0 0 0 0 0 0 0 0 0 0 0 0 0 0 0 0 
