# Format: McCode with text headers
# URL: http://www.mccode.org
# Creator:  3.7.12, git
# Instrument: /opt/homebrew/Caskroom/miniconda/base/envs/mcstas/share/mcstas/resources/examples/HZB/HZB_FLEX/HZB_FLEX.instr
# Ncount: 1000000
# Trace: no
# Gravitation: no
# Seed: 1234
# Directory: /Users/ldq/Work/McStasBench/benchmark/refcache/T1_HZB_FLEX_work/ref_20260724_152807_94648_3
# Param: kI=1.55
# Param: kF=1.55
# Param: wVS=0.03
# Param: tilt=0
# Param: SA=-1
# Param: A3=0
# Param: A4=70
# Param: L3=1
# Param: L4=1
# Param: Mono_flatswitch=0
# Date: Fri Jul 24 15:28:14 2026 (1784924894)
# type: array_2d(50, 50)
# Source: HZB_FLEX (/opt/homebrew/Caskroom/miniconda/base/envs/mcstas/share/mcstas/resources/examples/HZB/HZB_FLEX/HZB_FLEX.instr)
# component: After_selec
# position: -0.967868 0 24.047
# title: PSD monitor
# Ncount: 1000000
# filename: PSD_monitor_after.dat
# statistics: X0=-0.00215593; dX=1.64694; Y0=-0.0375544; dY=3.54297;
# signal: Min=0; Max=62377.4; Mean=8166.25;
# values: 2.04156e+07 115012 48603
# xvar: X 
# yvar: Y 
# xlabel: X position [cm]
# ylabel: Y position [cm]
# zvar: I
# zlabel: Signal per bin
# xylimits: -10 10 -10 10
# variables: I I_err N
# Data [After_selec/PSD_monitor_after.dat] I:
0 0 0 0 0 0 0 0 0 0 0 0 0 0 0 0 0 0 0 0 0 0 0 0 0 0 0 0 0 0 0 0 0 0 0 0 0 0 0 0 0 0 0 0 0 0 0 0 0 0 
0 0 0 0 0 0 0 0 0 0 0 0 0 0 0 0 0 0 0 0 0 0 0 0 0 0 0 0 0 0 0 0 0 0 0 0 0 0 0 0 0 0 0 0 0 0 0 0 0 0 
0 0 0 0 0 0 0 0 0 0 0 0 0 0 0 0 0 0 0 0 0 0 0 0 0 0 0 0 0 0 0 0 0 0 0 0 0 0 0 0 0 0 0 0 0 0 0 0 0 0 
0 0 0 0 0 0 0 0 0 0 0 0 0 0 0 0 0 0 0 0 0 0 0 0 0 0 0 0 0 0 0 0 0 0 0 0 0 0 0 0 0 0 0 0 0 0 0 0 0 0 
0 0 0 0 0 0 0 0 0 0 0 0 0 0 0 0 0 0 0 0 0 0 0 0 0 0 0 0 0 0 0 0 0 0 0 0 0 0 0 0 0 0 0 0 0 0 0 0 0 0 
0 0 0 0 0 0 0 0 0 0 0 0 0 0 0 0 0 0 0 0 0 0 0 0 0 0 0 0 0 0 0 0 0 0 0 0 0 0 0 0 0 0 0 0 0 0 0 0 0 0 
0 0 0 0 0 0 0 0 0 0 0 0 0 0 0 0 0 0 0 0 0 0 0 0 0 0 0 0 0 0 0 0 0 0 0 0 0 0 0 0 0 0 0 0 0 0 0 0 0 0 
0 0 0 0 0 0 0 0 0 0 0 0 0 0 0 0 0 0 0 0 0 0 0 0 0 0 0 0 0 0 0 0 0 0 0 0 0 0 0 0 0 0 0 0 0 0 0 0 0 0 
0 0 0 0 0 0 0 0 0 0 0 0 0 0 0 0 0 0 0 0 0 0 0 0 0 0 0 0 0 0 0 0 0 0 0 0 0 0 0 0 0 0 0 0 0 0 0 0 0 0 
0 0 0 0 0 0 0 0 0 0 0 0 0 0 0 0 0 7564.000905 20223.92996 16657.19521 16861.28069 25877.98563 18669.56121 18146.74406 18533.74706 22450.27918 15408.52656 20293.50503 22675.52907 21010.03132 13306.76312 13209.39662 2947.151847 0 0 0 0 0 0 0 0 0 0 0 0 0 0 0 0 0 
0 0 0 0 0 0 0 0 0 0 0 0 0 0 0 0 0 12372.99297 34294.62661 34755.04337 44682.69496 39672.12781 27400.35483 43996.14039 43000.80575 35007.75561 39044.36671 37020.04455 53249.41761 41334.28938 40039.90158 33715.58669 8970.645072 0 0 0 0 0 0 0 0 0 0 0 0 0 0 0 0 0 
0 0 0 0 0 0 0 0 0 0 0 0 0 0 0 0 0 18374.88286 40325.8669 41747.70506 40287.30365 50147.1464 49977.06855 41635.5069 44508.03687 53885.68875 55001.56741 43220.12377 42487.78419 52222.26908 47321.6647 25412.73308 17858.97765 0 0 0 0 0 0 0 0 0 0 0 0 0 0 0 0 0 
0 0 0 0 0 0 0 0 0 0 0 0 0 0 0 0 0 18695.84211 41956.0505 40426.80259 47846.75232 45279.97401 56019.1353 51010.25838 52061.86688 40099.76613 43661.39521 51254.24197 56338.96611 48169.83652 61262.10153 45362.07429 16058.35092 0 0 0 0 0 0 0 0 0 0 0 0 0 0 0 0 0 
0 0 0 0 0 0 0 0 0 0 0 0 0 0 0 0 0 17140.91233 44273.36802 41163.38483 43105.54337 47561.14347 40521.6487 50689.30597 46188.48518 59213.63998 51241.58543 55947.45537 51945.53883 50909.61009 41935.38625 40777.83134 10118.81031 0 0 0 0 0 0 0 0 0 0 0 0 0 0 0 0 0 
0 0 0 0 0 0 0 0 0 0 0 0 0 0 0 0 0 13105.4403 46371.61749 43030.38609 50913.67292 49755.29184 54057.42904 49683.14233 47064.57782 57697.44885 40754.09833 59349.77304 46653.85052 52150.25515 45145.68356 28962.66439 16969.32917 0 0 0 0 0 0 0 0 0 0 0 0 0 0 0 0 0 
0 0 0 0 0 0 0 0 0 0 0 0 0 0 0 0 0 12540.95557 37164.10707 44226.07281 48204.09897 46539.64552 37835.23899 46042.19395 50543.32369 53817.18408 48993.59692 46675.83369 42291.25808 45904.84553 50124.25837 29542.11454 18263.29404 0 0 0 0 0 0 0 0 0 0 0 0 0 0 0 0 0 
0 0 0 0 0 0 0 0 0 0 0 0 0 0 0 0 0 16342.83778 40614.39188 56080.12395 47005.34167 49404.01503 58879.01314 56710.80582 50899.97495 56734.87885 42357.51504 51683.7414 44802.23905 51207.39122 42138.98514 40844.15574 14135.12602 0 0 0 0 0 0 0 0 0 0 0 0 0 0 0 0 0 
0 0 0 0 0 0 0 0 0 0 0 0 0 0 0 0 0 15456.49054 31139.15629 46850.15277 52450.26524 47888.23433 40274.4707 37407.99118 47839.0538 59925.69229 43281.18166 57545.25439 51191.62861 50454.82315 44588.84006 30537.47656 9968.786784 0 0 0 0 0 0 0 0 0 0 0 0 0 0 0 0 0 
0 0 0 0 0 0 0 0 0 0 0 0 0 0 0 0 0 10426.71365 35877.57159 46958.03899 43732.96094 58124.90521 52056.49434 49576.80248 41456.21547 44884.70639 61616.54653 43978.16388 36309.10768 46991.59839 43859.7273 33088.93819 17904.84401 0 0 0 0 0 0 0 0 0 0 0 0 0 0 0 0 0 
0 0 0 0 0 0 0 0 0 0 0 0 0 0 0 0 0 11723.52355 26514.78184 51475.3348 46842.85636 47000.31444 48732.16129 39571.13281 40811.45605 48662.48469 38499.8366 50299.60895 46331.42374 46299.27226 44461.80492 42926.30052 12796.51644 0 0 0 0 0 0 0 0 0 0 0 0 0 0 0 0 0 
0 0 0 0 0 0 0 0 0 0 0 0 0 0 0 0 0 13322.6701 44043.23455 43693.41631 48546.23844 43929.34355 47846.51187 42661.95399 47548.01564 49649.79623 41190.25449 53603.42064 42438.59125 53527.91665 38323.51598 39027.31586 12518.82888 0 0 0 0 0 0 0 0 0 0 0 0 0 0 0 0 0 
0 0 0 0 0 0 0 0 0 0 0 0 0 0 0 0 0 11215.30094 52082.08869 42187.63344 38978.06444 48669.90591 45618.25136 44240.77596 44677.58593 47083.85805 53808.35391 46577.8243 50724.39751 35643.14835 38045.36533 42668.92465 11638.31932 0 0 0 0 0 0 0 0 0 0 0 0 0 0 0 0 0 
0 0 0 0 0 0 0 0 0 0 0 0 0 0 0 0 0 13112.35166 32667.20404 50580.19091 43549.47964 43088.79952 48132.68408 48456.02214 47522.34046 40183.39033 48953.28622 46364.80677 45776.94043 51950.51775 49706.24618 36144.39678 19786.24124 0 0 0 0 0 0 0 0 0 0 0 0 0 0 0 0 0 
0 0 0 0 0 0 0 0 0 0 0 0 0 0 0 0 0 13004.74838 37523.36567 47476.03719 48423.79018 44048.52952 50081.5655 44334.14769 58517.28128 45441.39285 46574.546 47571.91022 42797.93539 47262.50587 40915.1958 44617.13754 11946.5833 0 0 0 0 0 0 0 0 0 0 0 0 0 0 0 0 0 
0 0 0 0 0 0 0 0 0 0 0 0 0 0 0 0 0 10657.90845 40540.7519 42446.49752 44623.37332 50093.93683 41706.13615 49511.04072 56961.14617 54152.38668 52352.51464 54379.38888 47965.54823 52384.52537 42536.95135 34877.76764 7149.490595 0 0 0 0 0 0 0 0 0 0 0 0 0 0 0 0 0 
0 0 0 0 0 0 0 0 0 0 0 0 0 0 0 0 0 14520.91472 35908.78127 52330.40201 53440.01123 48845.91747 51671.16329 50309.76721 48131.163 44534.54903 41185.31083 47830.83817 54925.97784 48381.41882 48317.77644 28222.86075 20169.68594 0 0 0 0 0 0 0 0 0 0 0 0 0 0 0 0 0 
0 0 0 0 0 0 0 0 0 0 0 0 0 0 0 0 0 17636.89051 38242.74264 42465.50516 33211.91004 59968.89338 50785.73958 49941.91815 49235.65618 50001.39577 52642.04528 42305.75678 41857.12433 51930.54576 38716.32184 33982.77622 8984.258726 0 0 0 0 0 0 0 0 0 0 0 0 0 0 0 0 0 
0 0 0 0 0 0 0 0 0 0 0 0 0 0 0 0 0 11406.48327 43084.87055 41021.76276 46312.44901 46652.75307 41224.9907 41176.01856 32009.5517 49186.49487 52937.31614 44649.48316 52340.89878 45934.11121 43818.27804 29645.06445 20753.27954 0 0 0 0 0 0 0 0 0 0 0 0 0 0 0 0 0 
0 0 0 0 0 0 0 0 0 0 0 0 0 0 0 0 0 10218.69583 32555.08587 40878.24406 43510.10483 52537.37793 43396.2971 39865.79651 44393.51868 41071.30822 43180.68638 62377.35839 47597.87153 50144.62806 51524.56039 35598.88524 20753.91244 0 0 0 0 0 0 0 0 0 0 0 0 0 0 0 0 0 
0 0 0 0 0 0 0 0 0 0 0 0 0 0 0 0 0 17067.03119 26564.71071 44623.07262 48007.30653 44293.41605 47944.14262 53677.40344 51116.00714 43440.91361 49664.74071 39166.5667 58660.0954 48211.1763 53094.0629 34382.6021 13045.85371 0 0 0 0 0 0 0 0 0 0 0 0 0 0 0 0 0 
0 0 0 0 0 0 0 0 0 0 0 0 0 0 0 0 0 13822.45841 34507.32064 45371.3711 36039.72759 48480.67453 53358.02525 46694.61771 48578.94169 43604.85933 53930.57883 53505.23855 42655.75488 52953.41667 41023.54377 39235.3546 12082.20175 0 0 0 0 0 0 0 0 0 0 0 0 0 0 0 0 0 
0 0 0 0 0 0 0 0 0 0 0 0 0 0 0 0 0 15712.73307 26667.35224 42053.41094 41289.3371 43268.99671 47358.12514 59210.01511 43827.62938 41828.42655 46454.49673 44743.38884 40988.48765 35424.81887 51526.75474 26213.38289 11112.07739 0 0 0 0 0 0 0 0 0 0 0 0 0 0 0 0 0 
0 0 0 0 0 0 0 0 0 0 0 0 0 0 0 0 0 14961.20316 27381.43692 49356.40937 48206.39414 38174.79835 55777.34645 48036.27153 43395.76981 43427.9317 38780.56684 44781.43876 51025.923 37901.11384 38267.12512 43619.90616 13278.14607 0 0 0 0 0 0 0 0 0 0 0 0 0 0 0 0 0 
0 0 0 0 0 0 0 0 0 0 0 0 0 0 0 0 0 16230.53796 38269.74605 46804.14281 50373.08946 56734.04024 48541.30051 52121.58761 51143.24776 41868.6666 47845.04611 40437.53332 55881.25426 53755.10146 45254.11682 35070.53402 18867.67447 0 0 0 0 0 0 0 0 0 0 0 0 0 0 0 0 0 
0 0 0 0 0 0 0 0 0 0 0 0 0 0 0 0 0 14693.17662 39727.9527 50413.76851 42492.00083 55412.61818 50694.71765 41272.20881 43393.73548 45071.08462 52182.88146 39143.54287 55583.53317 48131.04643 48084.63023 40340.92085 10235.35155 0 0 0 0 0 0 0 0 0 0 0 0 0 0 0 0 0 
0 0 0 0 0 0 0 0 0 0 0 0 0 0 0 0 0 11519.15626 36972.33204 48695.16622 57159.59238 50960.84958 41740.17903 57440.19014 43082.42159 41315.10174 50695.44426 44312.80659 45136.20532 43968.90101 40812.29208 34595.24595 11448.60614 0 0 0 0 0 0 0 0 0 0 0 0 0 0 0 0 0 
0 0 0 0 0 0 0 0 0 0 0 0 0 0 0 0 0 16564.35822 35137.65675 40630.97956 45511.01484 54805.38096 51054.39806 48326.03102 47028.98878 39167.4586 50459.42804 49682.82185 50943.74475 44547.73795 46879.68949 31671.47851 14485.61129 0 0 0 0 0 0 0 0 0 0 0 0 0 0 0 0 0 
0 0 0 0 0 0 0 0 0 0 0 0 0 0 0 0 0 17370.32606 38136.06427 48979.80407 51530.24158 46080.26493 49920.75761 46504.72767 39278.88776 53377.7256 33261.78679 45752.90155 44786.04527 50043.2151 45442.87677 26886.2012 14821.70578 0 0 0 0 0 0 0 0 0 0 0 0 0 0 0 0 0 
0 0 0 0 0 0 0 0 0 0 0 0 0 0 0 0 0 14642.63218 43316.20653 42509.28451 52159.29259 39155.53866 33611.25909 52226.45973 49952.37734 53566.51613 46882.33366 50792.09071 43067.42237 48109.43764 38729.49704 38398.2713 7797.101393 0 0 0 0 0 0 0 0 0 0 0 0 0 0 0 0 0 
0 0 0 0 0 0 0 0 0 0 0 0 0 0 0 0 0 10346.73107 25308.94464 29322.09726 35999.82455 39223.00675 44407.93654 57055.23642 35683.84352 42721.88627 43845.24999 40666.20887 41723.62843 47987.1763 44388.16278 33712.56471 13461.61904 0 0 0 0 0 0 0 0 0 0 0 0 0 0 0 0 0 
0 0 0 0 0 0 0 0 0 0 0 0 0 0 0 0 0 5198.151144 13453.74467 20914.59291 18023.73666 10157.21947 25810.28173 21402.94143 16799.58867 22392.26211 19249.94535 19747.70952 15394.67409 19262.07279 19776.64036 13590.82892 7014.31193 0 0 0 0 0 0 0 0 0 0 0 0 0 0 0 0 0 
0 0 0 0 0 0 0 0 0 0 0 0 0 0 0 0 0 0 0 0 0 0 0 0 0 0 0 0 0 0 0 0 0 0 0 0 0 0 0 0 0 0 0 0 0 0 0 0 0 0 
0 0 0 0 0 0 0 0 0 0 0 0 0 0 0 0 0 0 0 0 0 0 0 0 0 0 0 0 0 0 0 0 0 0 0 0 0 0 0 0 0 0 0 0 0 0 0 0 0 0 
0 0 0 0 0 0 0 0 0 0 0 0 0 0 0 0 0 0 0 0 0 0 0 0 0 0 0 0 0 0 0 0 0 0 0 0 0 0 0 0 0 0 0 0 0 0 0 0 0 0 
0 0 0 0 0 0 0 0 0 0 0 0 0 0 0 0 0 0 0 0 0 0 0 0 0 0 0 0 0 0 0 0 0 0 0 0 0 0 0 0 0 0 0 0 0 0 0 0 0 0 
0 0 0 0 0 0 0 0 0 0 0 0 0 0 0 0 0 0 0 0 0 0 0 0 0 0 0 0 0 0 0 0 0 0 0 0 0 0 0 0 0 0 0 0 0 0 0 0 0 0 
0 0 0 0 0 0 0 0 0 0 0 0 0 0 0 0 0 0 0 0 0 0 0 0 0 0 0 0 0 0 0 0 0 0 0 0 0 0 0 0 0 0 0 0 0 0 0 0 0 0 
0 0 0 0 0 0 0 0 0 0 0 0 0 0 0 0 0 0 0 0 0 0 0 0 0 0 0 0 0 0 0 0 0 0 0 0 0 0 0 0 0 0 0 0 0 0 0 0 0 0 
0 0 0 0 0 0 0 0 0 0 0 0 0 0 0 0 0 0 0 0 0 0 0 0 0 0 0 0 0 0 0 0 0 0 0 0 0 0 0 0 0 0 0 0 0 0 0 0 0 0 
0 0 0 0 0 0 0 0 0 0 0 0 0 0 0 0 0 0 0 0 0 0 0 0 0 0 0 0 0 0 0 0 0 0 0 0 0 0 0 0 0 0 0 0 0 0 0 0 0 0 
# Errors [After_selec/PSD_monitor_after.dat] I_err:
0 0 0 0 0 0 0 0 0 0 0 0 0 0 0 0 0 0 0 0 0 0 0 0 0 0 0 0 0 0 0 0 0 0 0 0 0 0 0 0 0 0 0 0 0 0 0 0 0 0 
0 0 0 0 0 0 0 0 0 0 0 0 0 0 0 0 0 0 0 0 0 0 0 0 0 0 0 0 0 0 0 0 0 0 0 0 0 0 0 0 0 0 0 0 0 0 0 0 0 0 
0 0 0 0 0 0 0 0 0 0 0 0 0 0 0 0 0 0 0 0 0 0 0 0 0 0 0 0 0 0 0 0 0 0 0 0 0 0 0 0 0 0 0 0 0 0 0 0 0 0 
0 0 0 0 0 0 0 0 0 0 0 0 0 0 0 0 0 0 0 0 0 0 0 0 0 0 0 0 0 0 0 0 0 0 0 0 0 0 0 0 0 0 0 0 0 0 0 0 0 0 
0 0 0 0 0 0 0 0 0 0 0 0 0 0 0 0 0 0 0 0 0 0 0 0 0 0 0 0 0 0 0 0 0 0 0 0 0 0 0 0 0 0 0 0 0 0 0 0 0 0 
0 0 0 0 0 0 0 0 0 0 0 0 0 0 0 0 0 0 0 0 0 0 0 0 0 0 0 0 0 0 0 0 0 0 0 0 0 0 0 0 0 0 0 0 0 0 0 0 0 0 
0 0 0 0 0 0 0 0 0 0 0 0 0 0 0 0 0 0 0 0 0 0 0 0 0 0 0 0 0 0 0 0 0 0 0 0 0 0 0 0 0 0 0 0 0 0 0 0 0 0 
0 0 0 0 0 0 0 0 0 0 0 0 0 0 0 0 0 0 0 0 0 0 0 0 0 0 0 0 0 0 0 0 0 0 0 0 0 0 0 0 0 0 0 0 0 0 0 0 0 0 
0 0 0 0 0 0 0 0 0 0 0 0 0 0 0 0 0 0 0 0 0 0 0 0 0 0 0 0 0 0 0 0 0 0 0 0 0 0 0 0 0 0 0 0 0 0 0 0 0 0 
0 0 0 0 0 0 0 0 0 0 0 0 0 0 0 0 0 2248.33948 3763.343437 3234.471674 3325.804311 4241.096199 3451.394254 3467.391247 3491.463033 3874.842084 3159.998905 3806.458893 3839.756773 3718.180531 3110.959181 3045.989266 1527.741068 0 0 0 0 0 0 0 0 0 0 0 0 0 0 0 0 0 
0 0 0 0 0 0 0 0 0 0 0 0 0 0 0 0 0 2953.86333 4856.871438 4835.854763 5490.396189 5081.971448 4154.650936 5449.686376 5427.944895 4890.481624 5069.027088 4934.121977 5907.343258 5313.888197 5064.6207 4868.461459 2426.615204 0 0 0 0 0 0 0 0 0 0 0 0 0 0 0 0 0 
0 0 0 0 0 0 0 0 0 0 0 0 0 0 0 0 0 3535.137472 5289.17739 5250.141125 5039.001464 5646.235956 5729.629145 5264.163705 5350.274643 5904.924511 6077.098581 5368.479049 5238.799908 5892.914556 5618.623882 4189.060405 3524.140061 0 0 0 0 0 0 0 0 0 0 0 0 0 0 0 0 0 
0 0 0 0 0 0 0 0 0 0 0 0 0 0 0 0 0 3580.985589 5189.419504 5025.69173 5516.62281 5368.067951 6067.421754 5901.567812 5756.359194 4931.284708 5405.554149 5872.397388 6091.816721 5568.883123 6417.325373 5603.958744 3315.889526 0 0 0 0 0 0 0 0 0 0 0 0 0 0 0 0 0 
0 0 0 0 0 0 0 0 0 0 0 0 0 0 0 0 0 3235.069403 5457.153232 4950.335321 5177.897953 5532.554027 4916.967603 5821.504376 5311.193059 6304.036296 5805.641037 5989.199534 5824.914389 5647.17093 5272.386021 5318.456962 2685.792541 0 0 0 0 0 0 0 0 0 0 0 0 0 0 0 0 0 
0 0 0 0 0 0 0 0 0 0 0 0 0 0 0 0 0 2790.116103 5443.153198 5215.570876 5694.900753 5633.191773 5858.473973 5663.35778 5541.79548 6075.325505 5034.488636 6110.728535 5437.164399 5753.564412 5347.072864 4444.978785 3463.231216 0 0 0 0 0 0 0 0 0 0 0 0 0 0 0 0 0 
0 0 0 0 0 0 0 0 0 0 0 0 0 0 0 0 0 2813.534098 5077.827081 5460.336927 5409.802461 5405.776277 4852.562713 5436.821822 5693.375336 5889.527828 5676.24749 5503.422892 5235.129734 5361.148198 5799.078162 4425.41421 3497.41269 0 0 0 0 0 0 0 0 0 0 0 0 0 0 0 0 0 
0 0 0 0 0 0 0 0 0 0 0 0 0 0 0 0 0 3274.969462 5245.402028 5996.161789 5400.601448 5577.546992 6183.035668 6119.420315 5655.593898 6135.908244 5308.409112 5768.675983 5455.959515 5825.991363 5202.859377 5356.85449 3141.477454 0 0 0 0 0 0 0 0 0 0 0 0 0 0 0 0 0 
0 0 0 0 0 0 0 0 0 0 0 0 0 0 0 0 0 3207.779077 4439.95145 5412.053564 5734.363789 5645.266041 5004.707241 4884.146556 5514.736144 6424.869524 5161.648451 6047.628008 5744.144181 5731.590813 5422.323648 4472.697051 2505.225799 0 0 0 0 0 0 0 0 0 0 0 0 0 0 0 0 0 
0 0 0 0 0 0 0 0 0 0 0 0 0 0 0 0 0 2688.579739 4921.430554 5483.350764 5323.926017 6091.951965 5746.311049 5633.074031 5133.959143 5377.303109 6241.823878 5230.819023 4888.610288 5571.695096 5339.303468 4696.194513 3525.601249 0 0 0 0 0 0 0 0 0 0 0 0 0 0 0 0 0 
0 0 0 0 0 0 0 0 0 0 0 0 0 0 0 0 0 2775.478007 4125.798346 5699.763985 5443.77602 5511.373665 5550.572766 5018.395278 5097.120814 5535.519047 4999.99259 5708.386598 5493.727548 5536.528025 5403.287809 5357.858103 2956.362134 0 0 0 0 0 0 0 0 0 0 0 0 0 0 0 0 0 
0 0 0 0 0 0 0 0 0 0 0 0 0 0 0 0 0 2984.896026 5510.724293 5245.280837 5508.612006 5452.377241 5328.895599 5317.306766 5505.583935 5693.750118 5047.645269 5853.940005 5043.81022 6047.395966 5038.989068 5115.788764 2809.003839 0 0 0 0 0 0 0 0 0 0 0 0 0 0 0 0 0 
0 0 0 0 0 0 0 0 0 0 0 0 0 0 0 0 0 2794.048078 6043.097497 5182.750207 4981.20572 5567.055557 5400.343159 5292.794287 5282.809695 5528.94 6025.440374 5555.867522 5813.470497 4898.276899 5066.199555 5385.367246 2792.444051 0 0 0 0 0 0 0 0 0 0 0 0 0 0 0 0 0 
0 0 0 0 0 0 0 0 0 0 0 0 0 0 0 0 0 2858.718427 4620.854489 5800.351718 5395.783129 5250.666555 5564.92227 5595.200363 5516.100016 5116.814473 5605.60642 5404.766423 5364.40248 5901.34009 5644.418163 4945.317803 3591.380747 0 0 0 0 0 0 0 0 0 0 0 0 0 0 0 0 0 
0 0 0 0 0 0 0 0 0 0 0 0 0 0 0 0 0 2897.575144 4919.993517 5449.008793 5619.574193 5280.77888 5577.776635 5340.343028 6276.313542 5503.477856 5449.686033 5523.190099 5259.800173 5545.064983 5248.864626 5465.018252 2836.615833 0 0 0 0 0 0 0 0 0 0 0 0 0 0 0 0 0 
0 0 0 0 0 0 0 0 0 0 0 0 0 0 0 0 0 2679.303636 5169.749476 5169.738882 5391.681601 5504.917333 4988.050626 5682.022771 6029.45849 5892.954025 5745.141446 5952.828144 5568.487496 5793.001079 5386.482773 4940.737832 2141.975287 0 0 0 0 0 0 0 0 0 0 0 0 0 0 0 0 0 
0 0 0 0 0 0 0 0 0 0 0 0 0 0 0 0 0 3098.230813 4811.08969 5926.95172 5918.376011 5676.646309 5843.711274 5675.300363 5467.752676 5437.626223 5077.431541 5528.595956 6031.065889 5629.339449 5761.693786 4388.755252 3593.133562 0 0 0 0 0 0 0 0 0 0 0 0 0 0 0 0 0 
0 0 0 0 0 0 0 0 0 0 0 0 0 0 0 0 0 3452.524929 5053.877382 5165.78854 4558.986838 6238.799315 5724.726498 5535.259091 5703.062916 5593.939804 5858.345202 5119.953669 5243.159498 5681.069469 5060.733856 4678.800922 2312.967324 0 0 0 0 0 0 0 0 0 0 0 0 0 0 0 0 0 
0 0 0 0 0 0 0 0 0 0 0 0 0 0 0 0 0 2800.20404 5427.746665 5151.663027 5274.550741 5409.69884 5133.298436 5087.027264 4274.302017 5721.289583 5736.713677 5291.156512 5774.560609 5421.643773 5220.406656 4477.277237 3731.422299 0 0 0 0 0 0 0 0 0 0 0 0 0 0 0 0 0 
0 0 0 0 0 0 0 0 0 0 0 0 0 0 0 0 0 2630.785335 4553.081202 5101.789055 5281.716292 5820.329846 5328.000573 5007.748913 5283.236985 5078.400428 5282.416388 6472.810171 5497.000735 5716.717456 5881.210888 4875.756161 3740.601185 0 0 0 0 0 0 0 0 0 0 0 0 0 0 0 0 0 
0 0 0 0 0 0 0 0 0 0 0 0 0 0 0 0 0 3443.800362 4156.53889 5354.268381 5527.11962 5361.772415 5580.113106 5961.780897 5750.44025 5278.553531 5660.270009 5085.314847 6162.722354 5578.572013 6019.982859 4917.450328 2869.700957 0 0 0 0 0 0 0 0 0 0 0 0 0 0 0 0 0 
0 0 0 0 0 0 0 0 0 0 0 0 0 0 0 0 0 2915.722792 4874.31991 5421.396765 4710.520098 5583.033645 5922.63289 5509.799732 5648.377598 5162.30456 5882.486462 5972.952268 5368.453024 5804.164145 5117.387313 5049.103042 2633.498339 0 0 0 0 0 0 0 0 0 0 0 0 0 0 0 0 0 
0 0 0 0 0 0 0 0 0 0 0 0 0 0 0 0 0 3133.287781 4204.943335 5153.936908 5121.581534 5211.165683 5493.542586 6241.911323 5388.523872 5320.702718 5434.31903 5510.621713 5197.048029 4673.885447 5792.839737 4233.787217 2699.291646 0 0 0 0 0 0 0 0 0 0 0 0 0 0 0 0 0 
0 0 0 0 0 0 0 0 0 0 0 0 0 0 0 0 0 3038.486599 4097.833337 5730.639263 5481.513115 4843.776687 6075.39214 5531.963544 5472.154409 5299.986235 5004.676207 5496.978908 5795.34402 4861.144229 5026.479803 5425.997148 2910.923923 0 0 0 0 0 0 0 0 0 0 0 0 0 0 0 0 0 
0 0 0 0 0 0 0 0 0 0 0 0 0 0 0 0 0 3063.174252 5135.520262 5473.717403 5718.708494 6108.082177 5654.265015 5885.529826 5712.955472 5211.051999 5596.903617 5047.308286 6096.070696 5876.884856 5509.589722 4929.15599 3712.095514 0 0 0 0 0 0 0 0 0 0 0 0 0 0 0 0 0 
0 0 0 0 0 0 0 0 0 0 0 0 0 0 0 0 0 3050.103876 5146.573095 5634.630948 5103.437315 5926.010713 5751.83089 5115.214406 5316.639703 5508.256766 5826.878588 4971.26171 6000.978254 5679.585592 5701.032022 5229.052532 2650.718296 0 0 0 0 0 0 0 0 0 0 0 0 0 0 0 0 0 
0 0 0 0 0 0 0 0 0 0 0 0 0 0 0 0 0 2660.583777 4997.684851 5575.065883 6067.372749 5666.997833 5185.089947 6143.36035 5190.277165 5174.190538 5662.872754 5340.996345 5357.253227 5227.597296 5151.096458 4751.272383 2789.755457 0 0 0 0 0 0 0 0 0 0 0 0 0 0 0 0 0 
0 0 0 0 0 0 0 0 0 0 0 0 0 0 0 0 0 3225.328232 4799.869324 5009.028057 5436.515672 5857.862587 5780.481062 5615.155193 5337.444749 4896.462554 5753.497759 5793.846005 5900.196154 5321.192284 5622.556527 4559.965062 3110.687372 0 0 0 0 0 0 0 0 0 0 0 0 0 0 0 0 0 
0 0 0 0 0 0 0 0 0 0 0 0 0 0 0 0 0 3279.464644 5067.310959 5606.876431 5678.866053 5336.431917 5615.932107 5433.731531 4983.622142 5853.034132 4695.586608 5489.690063 5306.872549 5601.776077 5501.591127 4223.388697 3131.653233 0 0 0 0 0 0 0 0 0 0 0 0 0 0 0 0 0 
0 0 0 0 0 0 0 0 0 0 0 0 0 0 0 0 0 3116.086953 5229.925219 5234.961871 5848.04352 4887.301743 4498.729352 5931.433397 5753.80864 5956.78524 5648.050903 5749.152785 5244.59702 5711.188143 5016.739743 5096.095856 2163.308099 0 0 0 0 0 0 0 0 0 0 0 0 0 0 0 0 0 
0 0 0 0 0 0 0 0 0 0 0 0 0 0 0 0 0 2685.719484 4114.83302 4435.670744 4788.332016 5145.281932 5474.554488 6340.639815 4709.209107 5376.576336 5543.958705 5158.353216 5323.140454 5682.419769 5530.029158 4825.592861 3070.624333 0 0 0 0 0 0 0 0 0 0 0 0 0 0 0 0 0 
0 0 0 0 0 0 0 0 0 0 0 0 0 0 0 0 0 1901.796777 2998.561925 3715.774874 3335.515073 2511.386531 4236.011964 3887.351502 3244.027925 3785.275938 3606.689911 3555.785011 3080.776291 3532.914349 3731.964158 3094.901947 2216.488516 0 0 0 0 0 0 0 0 0 0 0 0 0 0 0 0 0 
0 0 0 0 0 0 0 0 0 0 0 0 0 0 0 0 0 0 0 0 0 0 0 0 0 0 0 0 0 0 0 0 0 0 0 0 0 0 0 0 0 0 0 0 0 0 0 0 0 0 
0 0 0 0 0 0 0 0 0 0 0 0 0 0 0 0 0 0 0 0 0 0 0 0 0 0 0 0 0 0 0 0 0 0 0 0 0 0 0 0 0 0 0 0 0 0 0 0 0 0 
0 0 0 0 0 0 0 0 0 0 0 0 0 0 0 0 0 0 0 0 0 0 0 0 0 0 0 0 0 0 0 0 0 0 0 0 0 0 0 0 0 0 0 0 0 0 0 0 0 0 
0 0 0 0 0 0 0 0 0 0 0 0 0 0 0 0 0 0 0 0 0 0 0 0 0 0 0 0 0 0 0 0 0 0 0 0 0 0 0 0 0 0 0 0 0 0 0 0 0 0 
0 0 0 0 0 0 0 0 0 0 0 0 0 0 0 0 0 0 0 0 0 0 0 0 0 0 0 0 0 0 0 0 0 0 0 0 0 0 0 0 0 0 0 0 0 0 0 0 0 0 
0 0 0 0 0 0 0 0 0 0 0 0 0 0 0 0 0 0 0 0 0 0 0 0 0 0 0 0 0 0 0 0 0 0 0 0 0 0 0 0 0 0 0 0 0 0 0 0 0 0 
0 0 0 0 0 0 0 0 0 0 0 0 0 0 0 0 0 0 0 0 0 0 0 0 0 0 0 0 0 0 0 0 0 0 0 0 0 0 0 0 0 0 0 0 0 0 0 0 0 0 
0 0 0 0 0 0 0 0 0 0 0 0 0 0 0 0 0 0 0 0 0 0 0 0 0 0 0 0 0 0 0 0 0 0 0 0 0 0 0 0 0 0 0 0 0 0 0 0 0 0 
0 0 0 0 0 0 0 0 0 0 0 0 0 0 0 0 0 0 0 0 0 0 0 0 0 0 0 0 0 0 0 0 0 0 0 0 0 0 0 0 0 0 0 0 0 0 0 0 0 0 
# Events [After_selec/PSD_monitor_after.dat] N:
0 0 0 0 0 0 0 0 0 0 0 0 0 0 0 0 0 0 0 0 0 0 0 0 0 0 0 0 0 0 0 0 0 0 0 0 0 0 0 0 0 0 0 0 0 0 0 0 0 0 
0 0 0 0 0 0 0 0 0 0 0 0 0 0 0 0 0 0 0 0 0 0 0 0 0 0 0 0 0 0 0 0 0 0 0 0 0 0 0 0 0 0 0 0 0 0 0 0 0 0 
0 0 0 0 0 0 0 0 0 0 0 0 0 0 0 0 0 0 0 0 0 0 0 0 0 0 0 0 0 0 0 0 0 0 0 0 0 0 0 0 0 0 0 0 0 0 0 0 0 0 
0 0 0 0 0 0 0 0 0 0 0 0 0 0 0 0 0 0 0 0 0 0 0 0 0 0 0 0 0 0 0 0 0 0 0 0 0 0 0 0 0 0 0 0 0 0 0 0 0 0 
0 0 0 0 0 0 0 0 0 0 0 0 0 0 0 0 0 0 0 0 0 0 0 0 0 0 0 0 0 0 0 0 0 0 0 0 0 0 0 0 0 0 0 0 0 0 0 0 0 0 
0 0 0 0 0 0 0 0 0 0 0 0 0 0 0 0 0 0 0 0 0 0 0 0 0 0 0 0 0 0 0 0 0 0 0 0 0 0 0 0 0 0 0 0 0 0 0 0 0 0 
0 0 0 0 0 0 0 0 0 0 0 0 0 0 0 0 0 0 0 0 0 0 0 0 0 0 0 0 0 0 0 0 0 0 0 0 0 0 0 0 0 0 0 0 0 0 0 0 0 0 
0 0 0 0 0 0 0 0 0 0 0 0 0 0 0 0 0 0 0 0 0 0 0 0 0 0 0 0 0 0 0 0 0 0 0 0 0 0 0 0 0 0 0 0 0 0 0 0 0 0 
0 0 0 0 0 0 0 0 0 0 0 0 0 0 0 0 0 0 0 0 0 0 0 0 0 0 0 0 0 0 0 0 0 0 0 0 0 0 0 0 0 0 0 0 0 0 0 0 0 0 
0 0 0 0 0 0 0 0 0 0 0 0 0 0 0 0 0 24 42 38 40 53 39 40 54 49 45 47 55 53 24 27 5 0 0 0 0 0 0 0 0 0 0 0 0 0 0 0 0 0 
0 0 0 0 0 0 0 0 0 0 0 0 0 0 0 0 0 25 70 74 96 91 70 106 88 81 90 84 110 92 78 63 22 0 0 0 0 0 0 0 0 0 0 0 0 0 0 0 0 0 
0 0 0 0 0 0 0 0 0 0 0 0 0 0 0 0 0 38 78 91 104 116 114 100 104 129 124 97 93 117 86 48 30 0 0 0 0 0 0 0 0 0 0 0 0 0 0 0 0 0 
0 0 0 0 0 0 0 0 0 0 0 0 0 0 0 0 0 41 103 97 120 123 134 121 135 111 111 124 134 113 125 82 31 0 0 0 0 0 0 0 0 0 0 0 0 0 0 0 0 0 
0 0 0 0 0 0 0 0 0 0 0 0 0 0 0 0 0 49 93 115 127 119 122 128 123 136 118 133 126 118 87 79 25 0 0 0 0 0 0 0 0 0 0 0 0 0 0 0 0 0 
0 0 0 0 0 0 0 0 0 0 0 0 0 0 0 0 0 45 103 113 123 125 130 120 128 138 118 129 113 114 101 68 32 0 0 0 0 0 0 0 0 0 0 0 0 0 0 0 0 0 
0 0 0 0 0 0 0 0 0 0 0 0 0 0 0 0 0 41 84 102 134 121 100 126 122 118 118 121 106 102 101 59 40 0 0 0 0 0 0 0 0 0 0 0 0 0 0 0 0 0 
0 0 0 0 0 0 0 0 0 0 0 0 0 0 0 0 0 37 89 136 127 122 142 121 139 130 92 120 98 123 97 88 27 0 0 0 0 0 0 0 0 0 0 0 0 0 0 0 0 0 
0 0 0 0 0 0 0 0 0 0 0 0 0 0 0 0 0 34 94 123 133 121 111 110 111 132 110 132 115 109 86 66 26 0 0 0 0 0 0 0 0 0 0 0 0 0 0 0 0 0 
0 0 0 0 0 0 0 0 0 0 0 0 0 0 0 0 0 28 85 119 119 143 131 119 122 121 139 121 87 102 90 67 32 0 0 0 0 0 0 0 0 0 0 0 0 0 0 0 0 0 
0 0 0 0 0 0 0 0 0 0 0 0 0 0 0 0 0 31 63 129 124 115 112 101 103 120 94 125 109 95 97 83 29 0 0 0 0 0 0 0 0 0 0 0 0 0 0 0 0 0 
0 0 0 0 0 0 0 0 0 0 0 0 0 0 0 0 0 32 97 113 132 109 136 110 116 114 107 128 104 113 84 79 28 0 0 0 0 0 0 0 0 0 0 0 0 0 0 0 0 0 
0 0 0 0 0 0 0 0 0 0 0 0 0 0 0 0 0 32 107 108 106 133 122 114 116 105 130 109 112 87 79 78 25 0 0 0 0 0 0 0 0 0 0 0 0 0 0 0 0 0 
0 0 0 0 0 0 0 0 0 0 0 0 0 0 0 0 0 37 77 111 109 111 125 123 126 94 114 110 106 109 105 72 41 0 0 0 0 0 0 0 0 0 0 0 0 0 0 0 0 0 
0 0 0 0 0 0 0 0 0 0 0 0 0 0 0 0 0 33 100 110 110 120 131 122 125 109 117 103 93 106 82 93 24 0 0 0 0 0 0 0 0 0 0 0 0 0 0 0 0 0 
0 0 0 0 0 0 0 0 0 0 0 0 0 0 0 0 0 26 96 113 100 132 116 122 128 124 121 123 119 115 82 64 20 0 0 0 0 0 0 0 0 0 0 0 0 0 0 0 0 0 
0 0 0 0 0 0 0 0 0 0 0 0 0 0 0 0 0 34 84 109 126 121 120 124 124 100 111 116 117 112 106 65 43 0 0 0 0 0 0 0 0 0 0 0 0 0 0 0 0 0 
0 0 0 0 0 0 0 0 0 0 0 0 0 0 0 0 0 44 85 103 92 121 132 130 114 129 128 119 96 121 79 70 20 0 0 0 0 0 0 0 0 0 0 0 0 0 0 0 0 0 
0 0 0 0 0 0 0 0 0 0 0 0 0 0 0 0 0 31 97 94 126 119 105 107 102 117 120 114 116 106 91 60 39 0 0 0 0 0 0 0 0 0 0 0 0 0 0 0 0 0 
0 0 0 0 0 0 0 0 0 0 0 0 0 0 0 0 0 25 82 108 122 136 118 111 115 115 118 130 117 112 103 79 43 0 0 0 0 0 0 0 0 0 0 0 0 0 0 0 0 0 
0 0 0 0 0 0 0 0 0 0 0 0 0 0 0 0 0 41 68 111 135 112 110 127 126 118 110 98 124 116 103 72 29 0 0 0 0 0 0 0 0 0 0 0 0 0 0 0 0 0 
0 0 0 0 0 0 0 0 0 0 0 0 0 0 0 0 0 39 80 110 106 130 134 119 123 127 132 123 104 123 87 79 32 0 0 0 0 0 0 0 0 0 0 0 0 0 0 0 0 0 
0 0 0 0 0 0 0 0 0 0 0 0 0 0 0 0 0 38 60 113 113 138 117 140 99 86 109 102 98 95 100 62 28 0 0 0 0 0 0 0 0 0 0 0 0 0 0 0 0 0 
0 0 0 0 0 0 0 0 0 0 0 0 0 0 0 0 0 41 72 118 130 108 130 114 113 117 92 106 117 105 84 86 29 0 0 0 0 0 0 0 0 0 0 0 0 0 0 0 0 0 
0 0 0 0 0 0 0 0 0 0 0 0 0 0 0 0 0 46 88 114 120 136 134 125 116 106 111 102 133 143 89 68 36 0 0 0 0 0 0 0 0 0 0 0 0 0 0 0 0 0 
0 0 0 0 0 0 0 0 0 0 0 0 0 0 0 0 0 36 92 114 113 149 123 117 117 105 122 101 133 108 96 82 24 0 0 0 0 0 0 0 0 0 0 0 0 0 0 0 0 0 
0 0 0 0 0 0 0 0 0 0 0 0 0 0 0 0 0 30 83 123 125 145 124 125 115 108 128 114 109 108 89 75 25 0 0 0 0 0 0 0 0 0 0 0 0 0 0 0 0 0 
0 0 0 0 0 0 0 0 0 0 0 0 0 0 0 0 0 44 80 103 116 137 129 128 123 114 127 124 115 114 96 68 33 0 0 0 0 0 0 0 0 0 0 0 0 0 0 0 0 0 
0 0 0 0 0 0 0 0 0 0 0 0 0 0 0 0 0 42 90 112 133 122 119 115 103 120 89 102 121 121 98 56 31 0 0 0 0 0 0 0 0 0 0 0 0 0 0 0 0 0 
0 0 0 0 0 0 0 0 0 0 0 0 0 0 0 0 0 33 101 92 117 103 92 107 111 112 101 119 104 93 82 68 20 0 0 0 0 0 0 0 0 0 0 0 0 0 0 0 0 0 
0 0 0 0 0 0 0 0 0 0 0 0 0 0 0 0 0 24 59 71 90 82 94 112 92 96 93 93 85 98 87 58 27 0 0 0 0 0 0 0 0 0 0 0 0 0 0 0 0 0 
0 0 0 0 0 0 0 0 0 0 0 0 0 0 0 0 0 11 36 49 42 38 53 46 51 52 47 50 40 48 43 24 14 0 0 0 0 0 0 0 0 0 0 0 0 0 0 0 0 0 
0 0 0 0 0 0 0 0 0 0 0 0 0 0 0 0 0 0 0 0 0 0 0 0 0 0 0 0 0 0 0 0 0 0 0 0 0 0 0 0 0 0 0 0 0 0 0 0 0 0 
0 0 0 0 0 0 0 0 0 0 0 0 0 0 0 0 0 0 0 0 0 0 0 0 0 0 0 0 0 0 0 0 0 0 0 0 0 0 0 0 0 0 0 0 0 0 0 0 0 0 
0 0 0 0 0 0 0 0 0 0 0 0 0 0 0 0 0 0 0 0 0 0 0 0 0 0 0 0 0 0 0 0 0 0 0 0 0 0 0 0 0 0 0 0 0 0 0 0 0 0 
0 0 0 0 0 0 0 0 0 0 0 0 0 0 0 0 0 0 0 0 0 0 0 0 0 0 0 0 0 0 0 0 0 0 0 0 0 0 0 0 0 0 0 0 0 0 0 0 0 0 
0 0 0 0 0 0 0 0 0 0 0 0 0 0 0 0 0 0 0 0 0 0 0 0 0 0 0 0 0 0 0 0 0 0 0 0 0 0 0 0 0 0 0 0 0 0 0 0 0 0 
0 0 0 0 0 0 0 0 0 0 0 0 0 0 0 0 0 0 0 0 0 0 0 0 0 0 0 0 0 0 0 0 0 0 0 0 0 0 0 0 0 0 0 0 0 0 0 0 0 0 
0 0 0 0 0 0 0 0 0 0 0 0 0 0 0 0 0 0 0 0 0 0 0 0 0 0 0 0 0 0 0 0 0 0 0 0 0 0 0 0 0 0 0 0 0 0 0 0 0 0 
0 0 0 0 0 0 0 0 0 0 0 0 0 0 0 0 0 0 0 0 0 0 0 0 0 0 0 0 0 0 0 0 0 0 0 0 0 0 0 0 0 0 0 0 0 0 0 0 0 0 
0 0 0 0 0 0 0 0 0 0 0 0 0 0 0 0 0 0 0 0 0 0 0 0 0 0 0 0 0 0 0 0 0 0 0 0 0 0 0 0 0 0 0 0 0 0 0 0 0 0 
