# Format: McCode with text headers
# URL: http://www.mccode.org
# Creator:  3.7.12, git
# Instrument: /opt/homebrew/Caskroom/miniconda/base/envs/mcstas/share/mcstas/resources/examples/HZB/HZB_FLEX/HZB_FLEX.instr
# Ncount: 1000000
# Trace: no
# Gravitation: no
# Seed: 1234
# Directory: /Users/ldq/Work/McStasBench/benchmark/refcache/T1_HZB_FLEX_work/ref_20260724_152807_94648_3
# Param: kI=1.55
# Param: kF=1.55
# Param: wVS=0.03
# Param: tilt=0
# Param: SA=-1
# Param: A3=0
# Param: A4=70
# Param: L3=1
# Param: L4=1
# Param: Mono_flatswitch=0
# Date: Fri Jul 24 15:28:14 2026 (1784924894)
# type: array_2d(50, 50)
# Source: HZB_FLEX (/opt/homebrew/Caskroom/miniconda/base/envs/mcstas/share/mcstas/resources/examples/HZB/HZB_FLEX/HZB_FLEX.instr)
# component: Before_selec
# position: -0.955942 0 23.7773
# title: PSD monitor
# Ncount: 1000000
# filename: PSD_monitor_before.dat
# statistics: X0=0.071512; dX=1.73957; Y0=-0.0324656; dY=3.6277;
# signal: Min=0; Max=83444.9; Mean=11939.5;
# values: 2.98489e+07 138968 83251
# xvar: X 
# yvar: Y 
# xlabel: X position [cm]
# ylabel: Y position [cm]
# zvar: I
# zlabel: Signal per bin
# xylimits: -10 10 -10 10
# variables: I I_err N
# Data [Before_selec/PSD_monitor_before.dat] I:
0 0 0 0 0 0 0 0 0 0 0 0 0 0 0 0 0 0 0 0 0 0 0 0 0 0 0 0 0 0 0 0 0 0 0 0 0 0 0 0 0 0 0 0 0 0 0 0 0 0 
0 0 0 0 0 0 0 0 0 0 0 0 0 0 0 0 0 0 0 0 0 0 0 0 0 0 0 0 0 0 0 0 0 0 0 0 0 0 0 0 0 0 0 0 0 0 0 0 0 0 
0 0 0 0 0 0 0 0 0 0 0 0 0 0 0 0 0 0 0 0 0 0 0 0 0 0 0 0 0 0 0 0 0 0 0 0 0 0 0 0 0 0 0 0 0 0 0 0 0 0 
0 0 0 0 0 0 0 0 0 0 0 0 0 0 0 0 0 0 0 0 0 0 0 0 0 0 0 0 0 0 0 0 0 0 0 0 0 0 0 0 0 0 0 0 0 0 0 0 0 0 
0 0 0 0 0 0 0 0 0 0 0 0 0 0 0 0 0 0 0 0 0 0 0 0 0 0 0 0 0 0 0 0 0 0 0 0 0 0 0 0 0 0 0 0 0 0 0 0 0 0 
0 0 0 0 0 0 0 0 0 0 0 0 0 0 0 0 0 0 0 0 0 0 0 0 0 0 0 0 0 0 0 0 0 0 0 0 0 0 0 0 0 0 0 0 0 0 0 0 0 0 
0 0 0 0 0 0 0 0 0 0 0 0 0 0 0 0 0 0 0 0 0 0 0 0 0 0 0 0 0 0 0 0 0 0 0 0 0 0 0 0 0 0 0 0 0 0 0 0 0 0 
0 0 0 0 0 0 0 0 0 0 0 0 0 0 0 0 0 0 0 0 0 0 5.751495721e-39 0 0 2.684307403e-41 3.028029746e-38 5.639436904e-42 0 7.627939915e-39 0 0 0 0 0 0 0 0 0 0 0 0 0 0 0 0 0 0 0 0 
0 0 0 0 0 0 0 0 0 0 0 0 0 0 0 0 0 3270.228969 5904.560892 6470.444225 989.4172165 3911.291015 5709.1273 4202.798411 4924.706198 3284.1187 9058.918462 6233.673793 7459.551883 2869.007799 5314.819766 7494.246307 2543.45765 213.7039283 0 0 0 0 0 0 0 0 0 0 0 0 0 0 0 0 
0 0 0 0 0 0 0 0 0 0 0 0 0 0 0 0 395.85776 20435.14324 33637.16943 34466.92011 48150.08821 34850.99029 32017.06712 40895.66508 43971.63106 34393.24187 36373.09237 46920.87767 35313.23202 39302.72359 38130.88034 34801.64461 19354.483 989.5293322 0 0 0 0 0 0 0 0 0 0 0 0 0 0 0 0 
0 0 0 0 0 0 0 0 0 0 0 0 0 0 0 0 618.1888378 30367.19096 59287.99441 58515.79653 63103.08839 62951.68424 50276.87855 49084.86253 61542.33696 64107.28022 59134.12946 59919.26649 69715.66961 60717.08141 70354.36188 65601.33729 26873.30939 1921.838212 0 0 0 0 0 0 0 0 0 0 0 0 0 0 0 0 
0 0 0 0 0 0 0 0 0 0 0 0 0 0 0 0 1266.407656 30115.88411 58459.51051 57236.13635 65683.91056 59473.20483 63064.33522 60405.80186 58256.20019 65862.00065 67361.01697 66456.67968 67168.31198 61242.97333 83444.87599 68588.56973 38777.48452 3027.332079 0 0 0 0 0 0 0 0 0 0 0 0 0 0 0 0 
0 0 0 0 0 0 0 0 0 0 0 0 0 0 0 0 1686.794139 37959.10618 57079.4039 60024.4064 62650.49091 61973.42136 61825.66727 77900.17051 63115.5938 62578.87963 66281.16993 68518.1128 67793.99403 75194.80452 67748.05846 71051.73175 28278.96431 2133.88779 0 0 0 0 0 0 0 0 0 0 0 0 0 0 0 0 
0 0 0 0 0 0 0 0 0 0 0 0 0 0 0 0 2613.138882 29217.64484 62732.85799 50981.42292 58949.71743 61520.77165 59536.25091 67090.90173 60026.31928 77074.04099 65458.55388 71135.24874 77827.82566 61870.95572 68655.62456 75286.8704 37405.0912 2410.579312 0 0 0 0 0 0 0 0 0 0 0 0 0 0 0 0 
0 0 0 0 0 0 0 0 0 0 0 0 0 0 0 0 1405.24762 30383.88862 59142.13895 52142.02612 63723.17844 67757.63547 50994.6586 63568.25949 66143.10443 67649.95145 66378.14004 73519.50377 61776.93324 64642.1752 62069.72579 63412.45409 36840.62091 612.1232901 0 0 0 0 0 0 0 0 0 0 0 0 0 0 0 0 
0 0 0 0 0 0 0 0 0 0 0 0 0 0 0 0 321.0463759 31911.66941 62973.07588 61085.16759 61773.24037 62462.82633 55673.91222 76269.40769 67389.97477 64430.8749 59130.82036 62491.77828 61250.90019 62435.38924 69303.30447 63402.08981 27738.13888 1852.267281 0 0 0 0 0 0 0 0 0 0 0 0 0 0 0 0 
0 0 0 0 0 0 0 0 0 0 0 0 0 0 0 0 1736.282122 33678.14168 52022.63406 60078.89587 66802.91708 62681.79938 60321.85737 60591.3319 64390.27819 76078.07442 65266.16503 78077.2614 66024.66203 68337.44309 56824.93032 67604.16815 40823.33279 712.4890828 0 0 0 0 0 0 0 0 0 0 0 0 0 0 0 0 
0 0 0 0 0 0 0 0 0 0 0 0 0 0 0 0 1362.01166 30778.85558 57602.36744 56359.29261 60351.33021 65793.15168 62033.34267 57915.95499 54046.97308 76445.17971 66322.09098 61934.19982 74641.29598 78219.51367 61858.80878 65177.32462 27798.25927 2596.135755 0 0 0 0 0 0 0 0 0 0 0 0 0 0 0 0 
0 0 0 0 0 0 0 0 0 0 0 0 0 0 0 0 1453.919951 28199.87749 48160.5006 58949.02716 68287.72024 64135.24628 56426.56541 60655.34834 72340.18144 71434.29333 69260.34348 64077.98408 59093.15728 71080.92268 65523.19389 59260.28741 39851.68433 2340.17415 0 0 0 0 0 0 0 0 0 0 0 0 0 0 0 0 
0 0 0 0 0 0 0 0 0 0 0 0 0 0 0 0 1473.422979 31560.45007 60272.67996 46267.30218 56390.05171 68834.94331 60406.82077 64375.57416 64993.3755 69972.62564 60855.0625 71235.25635 64730.29417 57782.27211 71586.37137 71489.52415 33639.45165 882.1707107 0 0 0 0 0 0 0 0 0 0 0 0 0 0 0 0 
0 0 0 0 0 0 0 0 0 0 0 0 0 0 0 0 3067.328729 23489.7277 62741.49159 64072.59583 51499.43633 64480.36948 51297.26073 56012.38392 59603.09216 56690.90998 52947.71257 65005.38243 60520.75314 62319.51761 69259.68873 58324.17841 31457.19328 1260.144252 0 0 0 0 0 0 0 0 0 0 0 0 0 0 0 0 
0 0 0 0 0 0 0 0 0 0 0 0 0 0 0 0 1063.651645 33173.07661 72065.13561 52955.54623 61728.33602 58567.60934 70307.09016 62836.82514 58536.75345 55848.89798 75072.6053 74348.46494 57902.23733 58317.66323 65443.27168 78997.42842 32150.51844 2783.50854 0 0 0 0 0 0 0 0 0 0 0 0 0 0 0 0 
0 0 0 0 0 0 0 0 0 0 0 0 0 0 0 0 1116.828981 38375.08115 65760.72575 51806.84397 61366.29102 55382.37375 61490.32329 55863.64386 69983.83531 63654.19175 65037.14234 69125.06564 67729.44123 65229.87295 74151.7867 59128.45417 31391.42237 1788.641627 0 0 0 0 0 0 0 0 0 0 0 0 0 0 0 0 
0 0 0 0 0 0 0 0 0 0 0 0 0 0 0 0 500.659936 26453.13052 53309.99194 50237.65802 64250.78757 59956.86996 50677.35973 65836.72873 69380.98326 58937.94697 63707.38231 70842.30057 68434.78231 70700.97205 67484.88326 71329.68813 31029.17026 2459.536503 0 0 0 0 0 0 0 0 0 0 0 0 0 0 0 0 
0 0 0 0 0 0 0 0 0 0 0 0 0 0 0 0 1247.446457 33984.39077 50537.77917 60254.8673 62626.23317 62589.245 52697.062 68509.52449 59870.29501 70082.70399 64451.40081 79799.83883 78173.49517 64958.96557 68584.86146 65500.32165 35765.39971 946.7481405 0 0 0 0 0 0 0 0 0 0 0 0 0 0 0 0 
0 0 0 0 0 0 0 0 0 0 0 0 0 0 0 0 867.3188877 35332.15071 53784.17545 72141.27223 60607.79012 72300.23371 62429.43856 76347.72275 63381.98424 61208.22436 61413.54081 73619.7123 76609.50292 66657.85305 70448.13024 69031.12573 32192.74591 1112.056068 0 0 0 0 0 0 0 0 0 0 0 0 0 0 0 0 
0 0 0 0 0 0 0 0 0 0 0 0 0 0 0 0 1545.711425 31544.54159 52217.5044 53250.06758 65639.92523 64332.96636 69344.62757 64714.65541 62944.5634 68779.10641 64913.32943 60353.69873 58809.09744 59834.70118 66321.12193 61872.97728 33230.07138 2491.319846 0 0 0 0 0 0 0 0 0 0 0 0 0 0 0 0 
0 0 0 0 0 0 0 0 0 0 0 0 0 0 0 0 2179.920061 33275.15447 62264.4777 56358.46689 47627.48448 55223.43422 51626.72222 49788.18275 59499.53735 60361.53607 68943.61571 75113.93457 75492.62694 69116.37364 70351.86777 68679.41233 34265.56206 2166.89648 0 0 0 0 0 0 0 0 0 0 0 0 0 0 0 0 
0 0 0 0 0 0 0 0 0 0 0 0 0 0 0 0 1827.28017 30174.62814 58363.51405 51445.04974 50310.53037 59542.90609 61401.5451 47181.25793 61287.30932 59614.4388 63386.07662 64075.42089 67252.58015 81616.83414 69822.15854 64195.56831 46284.07637 1660.779922 0 0 0 0 0 0 0 0 0 0 0 0 0 0 0 0 
0 0 0 0 0 0 0 0 0 0 0 0 0 0 0 0 652.2840353 35508.78854 48655.8994 45701.46311 65887.7863 65051.15913 58583.52138 65563.48251 55341.09372 65055.00359 57136.55331 64196.19173 65126.36465 66420.27091 66170.34721 69996.15283 29701.15327 2330.162049 0 0 0 0 0 0 0 0 0 0 0 0 0 0 0 0 
0 0 0 0 0 0 0 0 0 0 0 0 0 0 0 0 1884.708965 33568.80766 57914.44503 48877.34717 60155.0886 59911.22447 70936.61692 70236.36303 74464.96947 58586.35395 60688.65192 72769.45162 62393.71743 56056.07449 58911.53208 71526.23347 28989.27307 2168.477017 0 0 0 0 0 0 0 0 0 0 0 0 0 0 0 0 
0 0 0 0 0 0 0 0 0 0 0 0 0 0 0 0 1691.880185 25409.35986 54467.04622 61472.65701 71942.35349 56097.81848 62101.54056 62953.46102 69064.2441 62814.2972 64811.70048 73326.53047 68417.10338 61137.88562 62061.52799 60460.62692 27111.54682 747.2254226 0 0 0 0 0 0 0 0 0 0 0 0 0 0 0 0 
0 0 0 0 0 0 0 0 0 0 0 0 0 0 0 0 695.8590987 31543.39313 48810.09534 58263.613 59501.58466 59997.13798 59053.34542 59998.47465 65709.4451 49791.59192 66304.86622 80560.51101 65793.61041 53298.74745 76744.33378 71302.81443 28682.00374 2067.750207 0 0 0 0 0 0 0 0 0 0 0 0 0 0 0 0 
0 0 0 0 0 0 0 0 0 0 0 0 0 0 0 0 2146.444084 32414.94872 49685.85092 62993.62908 58138.73305 63580.51199 67377.41236 59506.44017 47897.78 60742.47027 58805.17621 63100.78678 74786.42163 62779.21831 61324.19417 61902.38784 37765.43016 2665.208415 0 0 0 0 0 0 0 0 0 0 0 0 0 0 0 0 
0 0 0 0 0 0 0 0 0 0 0 0 0 0 0 0 157.6258626 28385.76141 54705.58865 61630.47286 61879.47487 65976.52447 62773.98885 70655.77037 68259.02154 68898.33173 65286.59537 56666.26803 69496.44587 55760.32711 64858.68869 61771.79792 26430.02107 4301.640349 0 0 0 0 0 0 0 0 0 0 0 0 0 0 0 0 
0 0 0 0 0 0 0 0 0 0 0 0 0 0 0 0 1915.500203 30278.42624 63460.75042 57934.29384 62548.37125 56125.48169 65358.76504 69440.55333 58341.57065 59310.86805 52570.01733 58486.01677 57421.59401 53677.33813 67118.43575 50161.48823 32882.29354 2870.01889 0 0 0 0 0 0 0 0 0 0 0 0 0 0 0 0 
0 0 0 0 0 0 0 0 0 0 0 0 0 0 0 0 940.6073458 33195.72668 51112.22974 67472.85636 69414.83098 63282.52082 53554.92444 77978.92819 58813.78283 60553.69918 60494.10906 69709.89828 68376.13515 61842.36025 63548.88705 57053.42587 32865.87155 1438.514638 0 0 0 0 0 0 0 0 0 0 0 0 0 0 0 0 
0 0 0 0 0 0 0 0 0 0 0 0 0 0 0 0 1476.413187 38633.36905 62358.82563 60586.92932 58957.78624 56886.38452 62385.40323 62140.60593 61396.19845 63013.11871 63324.54012 60432.12852 72343.864 65474.1628 60554.90016 67513.05345 28777.15858 3182.556224 0 0 0 0 0 0 0 0 0 0 0 0 0 0 0 0 
0 0 0 0 0 0 0 0 0 0 0 0 0 0 0 0 2438.424922 28163.87471 49573.5522 58419.33574 69835.30366 54997.26903 63039.42105 63748.60025 62135.26715 65014.06269 64815.76091 59187.01628 67221.40895 68597.42604 68848.70691 59147.3118 30433.61968 928.877296 0 0 0 0 0 0 0 0 0 0 0 0 0 0 0 0 
0 0 0 0 0 0 0 0 0 0 0 0 0 0 0 0 32.85095044 27468.58451 57337.89059 60176.4762 54977.27012 55373.16187 60196.17263 72739.34004 59790.82327 67900.34708 63743.9845 62933.93144 65397.01214 63516.2461 70111.26042 51715.15297 36684.68604 1955.55313 0 0 0 0 0 0 0 0 0 0 0 0 0 0 0 0 
0 0 0 0 0 0 0 0 0 0 0 0 0 0 0 0 0.2156256904 16742.47442 28868.92399 39318.36241 46014.08864 39519.19568 47191.51033 37341.4392 36215.77476 33782.86393 41581.35846 37637.01785 34642.77913 42107.34138 37647.99118 31141.52856 24269.62393 2024.282726 0 0 0 0 0 0 0 0 0 0 0 0 0 0 0 0 
0 0 0 0 0 0 0 0 0 0 0 0 0 0 0 0 29.951309 3289.560607 4733.683221 4452.022606 9103.571249 5980.534692 5567.232178 6842.849774 3871.620655 5495.660613 4760.517011 6588.120563 8745.763933 6390.903431 6750.728292 5510.865634 1786.681345 3.942921076e-11 0 0 0 0 0 0 0 0 0 0 0 0 0 0 0 0 
0 0 0 0 0 0 0 0 0 0 0 0 0 0 0 0 0 0 0 0 0 0 2.270291413e-41 1.601190046e-39 5.966400678e-41 0 0 0 8.516569293e-35 0 0 0 0 0 0 0 0 0 0 0 0 0 0 0 0 0 0 0 0 0 
0 0 0 0 0 0 0 0 0 0 0 0 0 0 0 0 0 0 0 0 0 0 0 0 0 0 0 0 0 0 0 0 0 0 0 0 0 0 0 0 0 0 0 0 0 0 0 0 0 0 
0 0 0 0 0 0 0 0 0 0 0 0 0 0 0 0 0 0 0 0 0 0 0 0 0 0 0 0 0 0 0 0 0 0 0 0 0 0 0 0 0 0 0 0 0 0 0 0 0 0 
0 0 0 0 0 0 0 0 0 0 0 0 0 0 0 0 0 0 0 0 0 0 0 0 0 0 0 0 0 0 0 0 0 0 0 0 0 0 0 0 0 0 0 0 0 0 0 0 0 0 
0 0 0 0 0 0 0 0 0 0 0 0 0 0 0 0 0 0 0 0 0 0 0 0 0 0 0 0 0 0 0 0 0 0 0 0 0 0 0 0 0 0 0 0 0 0 0 0 0 0 
0 0 0 0 0 0 0 0 0 0 0 0 0 0 0 0 0 0 0 0 0 0 0 0 0 0 0 0 0 0 0 0 0 0 0 0 0 0 0 0 0 0 0 0 0 0 0 0 0 0 
0 0 0 0 0 0 0 0 0 0 0 0 0 0 0 0 0 0 0 0 0 0 0 0 0 0 0 0 0 0 0 0 0 0 0 0 0 0 0 0 0 0 0 0 0 0 0 0 0 0 
0 0 0 0 0 0 0 0 0 0 0 0 0 0 0 0 0 0 0 0 0 0 0 0 0 0 0 0 0 0 0 0 0 0 0 0 0 0 0 0 0 0 0 0 0 0 0 0 0 0 
# Errors [Before_selec/PSD_monitor_before.dat] I_err:
0 0 0 0 0 0 0 0 0 0 0 0 0 0 0 0 0 0 0 0 0 0 0 0 0 0 0 0 0 0 0 0 0 0 0 0 0 0 0 0 0 0 0 0 0 0 0 0 0 0 
0 0 0 0 0 0 0 0 0 0 0 0 0 0 0 0 0 0 0 0 0 0 0 0 0 0 0 0 0 0 0 0 0 0 0 0 0 0 0 0 0 0 0 0 0 0 0 0 0 0 
0 0 0 0 0 0 0 0 0 0 0 0 0 0 0 0 0 0 0 0 0 0 0 0 0 0 0 0 0 0 0 0 0 0 0 0 0 0 0 0 0 0 0 0 0 0 0 0 0 0 
0 0 0 0 0 0 0 0 0 0 0 0 0 0 0 0 0 0 0 0 0 0 0 0 0 0 0 0 0 0 0 0 0 0 0 0 0 0 0 0 0 0 0 0 0 0 0 0 0 0 
0 0 0 0 0 0 0 0 0 0 0 0 0 0 0 0 0 0 0 0 0 0 0 0 0 0 0 0 0 0 0 0 0 0 0 0 0 0 0 0 0 0 0 0 0 0 0 0 0 0 
0 0 0 0 0 0 0 0 0 0 0 0 0 0 0 0 0 0 0 0 0 0 0 0 0 0 0 0 0 0 0 0 0 0 0 0 0 0 0 0 0 0 0 0 0 0 0 0 0 0 
0 0 0 0 0 0 0 0 0 0 0 0 0 0 0 0 0 0 0 0 0 0 0 0 0 0 0 0 0 0 0 0 0 0 0 0 0 0 0 0 0 0 0 0 0 0 0 0 0 0 
0 0 0 0 0 0 0 0 0 0 0 0 0 0 0 0 0 0 0 0 0 0 5.751495721e-39 0 0 2.684307403e-41 3.028029746e-38 5.639436904e-42 0 7.627939915e-39 0 0 0 0 0 0 0 0 0 0 0 0 0 0 0 0 0 0 0 0 
0 0 0 0 0 0 0 0 0 0 0 0 0 0 0 0 0 1419.542824 1767.977343 1880.435483 529.1863111 1476.273567 1779.457933 1486.924472 1616.822686 1262.403089 2293.626785 1823.593182 2054.198094 1119.992652 1734.556039 1954.351181 1221.870388 246.764041 0 0 0 0 0 0 0 0 0 0 0 0 0 0 0 0 
0 0 0 0 0 0 0 0 0 0 0 0 0 0 0 0 412.7246475 3917.661693 4851.313199 4716.585749 5654.75511 4828.040409 4599.313643 5191.618594 5333.389944 4896.881144 4961.003918 5705.022713 4701.530885 5244.637006 4923.946449 4962.467788 3651.211466 635.1363612 0 0 0 0 0 0 0 0 0 0 0 0 0 0 0 0 
0 0 0 0 0 0 0 0 0 0 0 0 0 0 0 0 346.5245596 4427.440828 6236.762248 6166.154087 6430.993802 6327.844788 5664.450344 5566.523872 6296.923817 6513.77589 6165.826185 6245.380803 6867.275853 6364.463003 6838.43759 6507.13285 4240.560414 1034.875639 0 0 0 0 0 0 0 0 0 0 0 0 0 0 0 0 
0 0 0 0 0 0 0 0 0 0 0 0 0 0 0 0 739.2904311 4448.383272 6176.774583 6043.274351 6545.46744 6193.890108 6466.146362 6381.342004 6108.733645 6593.515864 6723.139496 6623.88682 6741.624651 6454.404424 7391.759445 6601.024988 5074.505852 1102.361138 0 0 0 0 0 0 0 0 0 0 0 0 0 0 0 0 
0 0 0 0 0 0 0 0 0 0 0 0 0 0 0 0 815.8861764 4955.138353 5999.876182 6157.36383 6387.881973 6258.902314 6353.473392 7208.526365 6352.997787 6402.038749 6753.726932 6638.863721 6654.693426 6971.977775 6707.575837 6920.562828 4380.82027 1067.994115 0 0 0 0 0 0 0 0 0 0 0 0 0 0 0 0 
0 0 0 0 0 0 0 0 0 0 0 0 0 0 0 0 1108.194006 4358.538102 6302.029446 5665.702816 6070.845424 6320.57771 6154.189959 6698.50394 6125.871582 7125.658262 6508.838378 6765.465615 7129.24235 6282.091551 6746.681076 7142.59349 5044.545562 1082.445476 0 0 0 0 0 0 0 0 0 0 0 0 0 0 0 0 
0 0 0 0 0 0 0 0 0 0 0 0 0 0 0 0 758.4389691 4268.957157 6089.960444 5685.549016 6337.826813 6654.088314 5778.145956 6310.719246 6524.733586 6696.460868 6620.826209 7048.297233 6310.845276 6453.835444 6302.992038 6509.683734 4855.779993 426.532512 0 0 0 0 0 0 0 0 0 0 0 0 0 0 0 0 
0 0 0 0 0 0 0 0 0 0 0 0 0 0 0 0 335.3356823 4620.117718 6453.86383 6224.554153 6211.635938 6288.189422 5788.557673 7177.965254 6598.775711 6498.907034 6218.317432 6294.227676 6262.396699 6434.660922 6710.045882 6349.297629 4279.519822 938.8454328 0 0 0 0 0 0 0 0 0 0 0 0 0 0 0 0 
0 0 0 0 0 0 0 0 0 0 0 0 0 0 0 0 806.4667 4683.735196 5673.66365 6270.313952 6581.093157 6275.706134 6245.028012 6351.734736 6389.761711 7110.80571 6626.937776 7251.749503 6496.37459 6791.669291 6234.886876 6598.318764 5244.835863 453.989002 0 0 0 0 0 0 0 0 0 0 0 0 0 0 0 0 
0 0 0 0 0 0 0 0 0 0 0 0 0 0 0 0 602.2942585 4405.185123 5927.868826 5922.697414 6309.403984 6477.140917 6315.219816 6137.011158 6059.673033 7219.42892 6358.183482 6252.413542 7057.239806 7230.334691 6354.878918 6458.569989 4249.181884 1058.058101 0 0 0 0 0 0 0 0 0 0 0 0 0 0 0 0 
0 0 0 0 0 0 0 0 0 0 0 0 0 0 0 0 714.5386955 4344.484395 5545.89548 6128.3684 6685.385028 6523.343139 5968.632818 6199.19557 6904.326206 6764.458927 6658.239711 6527.072752 6088.019135 6810.221645 6444.971281 6136.479771 5001.214652 1050.117519 0 0 0 0 0 0 0 0 0 0 0 0 0 0 0 0 
0 0 0 0 0 0 0 0 0 0 0 0 0 0 0 0 676.7452871 4369.360604 6280.562115 5403.591724 6074.697672 6646.53869 6320.253907 6456.588272 6370.685787 6707.990603 6130.271452 6900.696106 6459.606013 6043.620091 6874.881393 6971.54206 4665.346373 571.6679256 0 0 0 0 0 0 0 0 0 0 0 0 0 0 0 0 
0 0 0 0 0 0 0 0 0 0 0 0 0 0 0 0 1127.649734 3804.43028 6307.758313 6373.553577 5655.103822 6496.483336 5742.768091 5909.588374 6086.212353 6180.808965 5767.741576 6515.482299 6339.34156 6435.227628 6817.265078 6130.392036 4480.825377 682.834648 0 0 0 0 0 0 0 0 0 0 0 0 0 0 0 0 
0 0 0 0 0 0 0 0 0 0 0 0 0 0 0 0 725.8213231 4589.932951 6930.16794 5886.657265 6270.071661 6116.848492 6812.49626 6366.653649 6090.908858 5988.593573 7097.243908 6999.330422 6237.242751 6110.540114 6604.499378 7259.734082 4515.023928 1030.472275 0 0 0 0 0 0 0 0 0 0 0 0 0 0 0 0 
0 0 0 0 0 0 0 0 0 0 0 0 0 0 0 0 721.0375869 4850.617793 6609.93524 5863.957894 6255.438942 5964.115224 6333.727332 5972.939264 6862.668861 6404.228333 6498.432529 6719.736577 6630.646962 6501.571183 6982.368278 6186.104118 4582.336986 783.2580671 0 0 0 0 0 0 0 0 0 0 0 0 0 0 0 0 
0 0 0 0 0 0 0 0 0 0 0 0 0 0 0 0 363.8663535 4221.200489 5744.477623 5661.374894 6502.367709 6192.864594 5617.164295 6486.36728 6834.180357 6169.265462 6344.110172 6878.43798 6565.31177 6749.710854 6640.051284 6944.145209 4621.959785 1037.690152 0 0 0 0 0 0 0 0 0 0 0 0 0 0 0 0 
0 0 0 0 0 0 0 0 0 0 0 0 0 0 0 0 683.2413385 4673.905941 5637.050833 6189.212268 6246.366883 6275.663106 5758.617567 6718.213244 6083.801471 6710.133193 6625.804153 7174.341359 7214.470876 6453.996076 6750.08335 6589.876807 4832.777459 743.15515 0 0 0 0 0 0 0 0 0 0 0 0 0 0 0 0 
0 0 0 0 0 0 0 0 0 0 0 0 0 0 0 0 569.5172932 4619.589446 5984.183582 6768.13491 6226.96438 6906.533319 6396.120969 7126.751324 6477.035794 6234.546667 6219.805172 6957.429133 7141.434379 6610.428551 6889.853686 6767.643846 4671.947142 565.6975822 0 0 0 0 0 0 0 0 0 0 0 0 0 0 0 0 
0 0 0 0 0 0 0 0 0 0 0 0 0 0 0 0 834.5969064 4539.089131 5759.706901 5842.299337 6528.876611 6430.43036 6836.329213 6493.999542 6406.09262 6643.923846 6309.982375 6195.203767 6096.995422 6133.289122 6556.650505 6307.109399 4616.454433 1001.197856 0 0 0 0 0 0 0 0 0 0 0 0 0 0 0 0 
0 0 0 0 0 0 0 0 0 0 0 0 0 0 0 0 937.7734162 4688.459964 6380.27329 5972.68464 5589.183773 5994.073261 5832.756548 5554.603257 6109.093473 6177.946349 6678.014875 7010.961073 7005.123191 6751.299495 6697.336076 6723.580747 4905.797886 994.3691466 0 0 0 0 0 0 0 0 0 0 0 0 0 0 0 0 
0 0 0 0 0 0 0 0 0 0 0 0 0 0 0 0 806.3016388 4300.253739 6039.86625 5613.251302 5705.042693 6216.007852 6296.249861 5532.324548 6329.749079 6192.80507 6464.873688 6305.894737 6666.87602 7514.285222 6748.644335 6436.86639 5588.240239 727.9990922 0 0 0 0 0 0 0 0 0 0 0 0 0 0 0 0 
0 0 0 0 0 0 0 0 0 0 0 0 0 0 0 0 409.5935595 4794.596406 5453.338191 5525.891219 6442.943808 6523.601236 6348.544696 6634.952983 5895.312909 6561.577219 6164.868122 6451.748582 6466.952838 6784.212535 6644.062487 6785.069726 4490.383589 1198.177039 0 0 0 0 0 0 0 0 0 0 0 0 0 0 0 0 
0 0 0 0 0 0 0 0 0 0 0 0 0 0 0 0 839.0648242 4722.888733 6080.379483 5639.599544 6031.591894 6183.892064 6956.565517 6773.683099 6940.444719 6177.356435 6309.461682 7079.754667 6345.21518 5924.973259 6165.95427 6912.161593 4323.9253 989.5843182 0 0 0 0 0 0 0 0 0 0 0 0 0 0 0 0 
0 0 0 0 0 0 0 0 0 0 0 0 0 0 0 0 830.3370025 3898.983148 5891.620688 6335.859826 6773.643495 5816.866368 6402.154804 6414.263305 6817.090882 6449.992602 6483.282195 6952.090336 6677.600402 6263.497253 6356.154725 6243.490358 4217.326755 470.7228448 0 0 0 0 0 0 0 0 0 0 0 0 0 0 0 0 
0 0 0 0 0 0 0 0 0 0 0 0 0 0 0 0 391.2966498 4326.109997 5520.609846 6069.199819 6170.381951 6138.64304 6209.34617 6142.512326 6691.186281 5628.853953 6612.793685 7257.602307 6452.885102 5788.233611 7211.886166 6855.097633 4340.952018 932.184697 0 0 0 0 0 0 0 0 0 0 0 0 0 0 0 0 
0 0 0 0 0 0 0 0 0 0 0 0 0 0 0 0 898.4858066 4533.2424 5591.618024 6241.328607 6198.676206 6466.613021 6649.88645 6173.118043 5563.277594 6458.670102 6204.920984 6394.282031 7032.422135 6561.348127 6271.903011 6552.337719 4942.092015 1100.465512 0 0 0 0 0 0 0 0 0 0 0 0 0 0 0 0 
0 0 0 0 0 0 0 0 0 0 0 0 0 0 0 0 114.5509008 4205.000917 5923.116417 6305.027336 6253.348314 6503.713509 6267.51885 6886.050058 6758.019672 6641.940724 6528.74438 6036.803312 6741.819727 6012.832724 6596.281101 6379.093202 4078.389871 1353.106651 0 0 0 0 0 0 0 0 0 0 0 0 0 0 0 0 
0 0 0 0 0 0 0 0 0 0 0 0 0 0 0 0 1042.63855 4377.140041 6345.693376 6164.142452 6436.262084 5980.709004 6545.127089 6802.24408 6103.4516 6157.525281 5799.244287 6119.032224 6125.297123 5916.583381 6596.255942 5709.959977 4742.854371 1119.22495 0 0 0 0 0 0 0 0 0 0 0 0 0 0 0 0 
0 0 0 0 0 0 0 0 0 0 0 0 0 0 0 0 556.8783766 4482.490757 5661.775842 6491.010211 6626.021033 6279.248603 5910.52005 7199.698173 6049.626948 6355.727845 6263.981795 6741.299602 6789.925507 6322.951018 6497.11573 6192.320058 4530.214478 783.3330166 0 0 0 0 0 0 0 0 0 0 0 0 0 0 0 0 
0 0 0 0 0 0 0 0 0 0 0 0 0 0 0 0 845.9556366 4989.083567 6274.539824 6206.029213 6164.888536 6017.14145 6296.719699 6281.334145 6248.76759 6446.498287 6453.239627 6333.339067 6909.922168 6531.767066 6215.609711 6591.272 4349.930281 1279.283061 0 0 0 0 0 0 0 0 0 0 0 0 0 0 0 0 
0 0 0 0 0 0 0 0 0 0 0 0 0 0 0 0 1019.522926 4305.056079 5604.168387 6070.249606 6650.917738 5911.244165 6285.023652 6490.941405 6299.523338 6443.019791 6476.73685 6137.468296 6528.076052 6777.691213 6744.781372 6125.410403 4419.29518 526.5563674 0 0 0 0 0 0 0 0 0 0 0 0 0 0 0 0 
0 0 0 0 0 0 0 0 0 0 0 0 0 0 0 0 32.70927728 4145.635029 6005.12047 6220.109792 5931.715383 5959.850877 6255.659385 7123.077404 6169.723393 6807.148685 6548.053458 6547.489033 6448.172217 6560.758698 6745.36886 5856.747518 5077.954992 923.3461557 0 0 0 0 0 0 0 0 0 0 0 0 0 0 0 0 
0 0 0 0 0 0 0 0 0 0 0 0 0 0 0 0 0.2489820411 3305.700758 4456.246179 5176.493993 5475.023544 4954.270746 5782.713431 5067.497157 4897.218354 4783.546346 5252.091103 5001.608241 4793.793749 5250.224638 5103.589306 4556.045088 4127.230925 1098.389372 0 0 0 0 0 0 0 0 0 0 0 0 0 0 0 0 
0 0 0 0 0 0 0 0 0 0 0 0 0 0 0 0 36.68271209 1294.20188 1549.3009 1595.884222 2167.165083 1764.532553 1725.73262 1977.059541 1360.297401 1746.089131 1734.553748 1692.07784 2178.386914 2019.051614 1908.880641 1686.000696 885.8777923 4.552893085e-11 0 0 0 0 0 0 0 0 0 0 0 0 0 0 0 0 
0 0 0 0 0 0 0 0 0 0 0 0 0 0 0 0 0 0 0 0 0 0 2.270291413e-41 1.601190046e-39 5.966400678e-41 0 0 0 1.043054798e-34 0 0 0 0 0 0 0 0 0 0 0 0 0 0 0 0 0 0 0 0 0 
0 0 0 0 0 0 0 0 0 0 0 0 0 0 0 0 0 0 0 0 0 0 0 0 0 0 0 0 0 0 0 0 0 0 0 0 0 0 0 0 0 0 0 0 0 0 0 0 0 0 
0 0 0 0 0 0 0 0 0 0 0 0 0 0 0 0 0 0 0 0 0 0 0 0 0 0 0 0 0 0 0 0 0 0 0 0 0 0 0 0 0 0 0 0 0 0 0 0 0 0 
0 0 0 0 0 0 0 0 0 0 0 0 0 0 0 0 0 0 0 0 0 0 0 0 0 0 0 0 0 0 0 0 0 0 0 0 0 0 0 0 0 0 0 0 0 0 0 0 0 0 
0 0 0 0 0 0 0 0 0 0 0 0 0 0 0 0 0 0 0 0 0 0 0 0 0 0 0 0 0 0 0 0 0 0 0 0 0 0 0 0 0 0 0 0 0 0 0 0 0 0 
0 0 0 0 0 0 0 0 0 0 0 0 0 0 0 0 0 0 0 0 0 0 0 0 0 0 0 0 0 0 0 0 0 0 0 0 0 0 0 0 0 0 0 0 0 0 0 0 0 0 
0 0 0 0 0 0 0 0 0 0 0 0 0 0 0 0 0 0 0 0 0 0 0 0 0 0 0 0 0 0 0 0 0 0 0 0 0 0 0 0 0 0 0 0 0 0 0 0 0 0 
0 0 0 0 0 0 0 0 0 0 0 0 0 0 0 0 0 0 0 0 0 0 0 0 0 0 0 0 0 0 0 0 0 0 0 0 0 0 0 0 0 0 0 0 0 0 0 0 0 0 
# Events [Before_selec/PSD_monitor_before.dat] N:
0 0 0 0 0 0 0 0 0 0 0 0 0 0 0 0 0 0 0 0 0 0 0 0 0 0 0 0 0 0 0 0 0 0 0 0 0 0 0 0 0 0 0 0 0 0 0 0 0 0 
0 0 0 0 0 0 0 0 0 0 0 0 0 0 0 0 0 0 0 0 0 0 0 0 0 0 0 0 0 0 0 0 0 0 0 0 0 0 0 0 0 0 0 0 0 0 0 0 0 0 
0 0 0 0 0 0 0 0 0 0 0 0 0 0 0 0 0 0 0 0 0 0 0 0 0 0 0 0 0 0 0 0 0 0 0 0 0 0 0 0 0 0 0 0 0 0 0 0 0 0 
0 0 0 0 0 0 0 0 0 0 0 0 0 0 0 0 0 0 0 0 0 0 0 0 0 0 0 0 0 0 0 0 0 0 0 0 0 0 0 0 0 0 0 0 0 0 0 0 0 0 
0 0 0 0 0 0 0 0 0 0 0 0 0 0 0 0 0 0 0 0 0 0 0 0 0 0 0 0 0 0 0 0 0 0 0 0 0 0 0 0 0 0 0 0 0 0 0 0 0 0 
0 0 0 0 0 0 0 0 0 0 0 0 0 0 0 0 0 0 0 0 0 0 0 0 0 0 0 0 0 0 0 0 0 0 0 0 0 0 0 0 0 0 0 0 0 0 0 0 0 0 
0 0 0 0 0 0 0 0 0 0 0 0 0 0 0 0 0 0 0 0 0 0 0 0 0 0 0 0 0 0 0 0 0 0 0 0 0 0 0 0 0 0 0 0 0 0 0 0 0 0 
0 0 0 0 0 0 0 0 0 0 0 0 0 0 0 0 0 0 0 0 0 0 1 0 0 1 1 1 0 1 0 0 0 0 0 0 0 0 0 0 0 0 0 0 0 0 0 0 0 0 
0 0 0 0 0 0 0 0 0 0 0 0 0 0 0 0 0 20 31 31 28 28 37 35 35 33 31 35 38 30 31 43 14 3 0 0 0 0 0 0 0 0 0 0 0 0 0 0 0 0 
0 0 0 0 0 0 0 0 0 0 0 0 0 0 0 0 11 46 79 92 108 111 86 108 111 99 91 93 95 101 99 86 50 8 0 0 0 0 0 0 0 0 0 0 0 0 0 0 0 0 
0 0 0 0 0 0 0 0 0 0 0 0 0 0 0 0 9 84 158 149 172 171 149 151 179 172 154 161 175 144 171 157 75 5 0 0 0 0 0 0 0 0 0 0 0 0 0 0 0 0 
0 0 0 0 0 0 0 0 0 0 0 0 0 0 0 0 14 95 158 166 170 160 185 158 167 181 181 189 182 162 206 176 99 13 0 0 0 0 0 0 0 0 0 0 0 0 0 0 0 0 
0 0 0 0 0 0 0 0 0 0 0 0 0 0 0 0 16 106 163 173 175 170 173 198 168 183 181 194 175 193 186 177 83 13 0 0 0 0 0 0 0 0 0 0 0 0 0 0 0 0 
0 0 0 0 0 0 0 0 0 0 0 0 0 0 0 0 12 91 178 151 171 161 166 181 188 209 204 185 211 173 165 187 92 16 0 0 0 0 0 0 0 0 0 0 0 0 0 0 0 0 
0 0 0 0 0 0 0 0 0 0 0 0 0 0 0 0 10 90 169 163 181 173 164 176 195 182 186 194 162 177 175 154 89 8 0 0 0 0 0 0 0 0 0 0 0 0 0 0 0 0 
0 0 0 0 0 0 0 0 0 0 0 0 0 0 0 0 10 88 177 175 173 167 184 202 176 182 172 181 168 172 183 179 85 15 0 0 0 0 0 0 0 0 0 0 0 0 0 0 0 0 
0 0 0 0 0 0 0 0 0 0 0 0 0 0 0 0 16 86 148 175 185 182 173 172 191 186 162 196 180 187 155 176 106 14 0 0 0 0 0 0 0 0 0 0 0 0 0 0 0 0 
0 0 0 0 0 0 0 0 0 0 0 0 0 0 0 0 19 89 167 165 180 179 175 170 156 201 204 181 196 185 154 158 88 14 0 0 0 0 0 0 0 0 0 0 0 0 0 0 0 0 
0 0 0 0 0 0 0 0 0 0 0 0 0 0 0 0 13 81 140 190 180 165 176 174 200 181 190 170 170 182 179 165 116 15 0 0 0 0 0 0 0 0 0 0 0 0 0 0 0 0 
0 0 0 0 0 0 0 0 0 0 0 0 0 0 0 0 17 94 178 160 162 185 182 183 183 190 192 182 182 172 192 171 86 17 0 0 0 0 0 0 0 0 0 0 0 0 0 0 0 0 
0 0 0 0 0 0 0 0 0 0 0 0 0 0 0 0 19 84 176 179 163 188 144 171 166 169 160 182 165 180 175 152 91 13 0 0 0 0 0 0 0 0 0 0 0 0 0 0 0 0 
0 0 0 0 0 0 0 0 0 0 0 0 0 0 0 0 11 94 184 158 165 180 179 194 165 150 205 186 175 176 161 195 84 15 0 0 0 0 0 0 0 0 0 0 0 0 0 0 0 0 
0 0 0 0 0 0 0 0 0 0 0 0 0 0 0 0 11 100 164 178 171 156 191 174 184 163 176 182 174 186 180 162 86 17 0 0 0 0 0 0 0 0 0 0 0 0 0 0 0 0 
0 0 0 0 0 0 0 0 0 0 0 0 0 0 0 0 10 85 150 146 180 169 167 183 178 179 171 190 185 176 173 179 81 15 0 0 0 0 0 0 0 0 0 0 0 0 0 0 0 0 
0 0 0 0 0 0 0 0 0 0 0 0 0 0 0 0 10 90 147 177 181 172 157 187 180 179 161 199 190 188 182 156 85 8 0 0 0 0 0 0 0 0 0 0 0 0 0 0 0 0 
0 0 0 0 0 0 0 0 0 0 0 0 0 0 0 0 9 100 147 178 173 187 177 203 175 169 171 205 199 186 185 177 88 16 0 0 0 0 0 0 0 0 0 0 0 0 0 0 0 0 
0 0 0 0 0 0 0 0 0 0 0 0 0 0 0 0 11 84 146 153 170 176 161 169 171 183 176 185 177 176 178 155 98 16 0 0 0 0 0 0 0 0 0 0 0 0 0 0 0 0 
0 0 0 0 0 0 0 0 0 0 0 0 0 0 0 0 15 86 167 155 141 170 155 157 182 182 193 197 194 190 192 166 88 13 0 0 0 0 0 0 0 0 0 0 0 0 0 0 0 0 
0 0 0 0 0 0 0 0 0 0 0 0 0 0 0 0 16 83 156 172 165 159 157 143 176 185 165 179 180 203 191 154 104 10 0 0 0 0 0 0 0 0 0 0 0 0 0 0 0 0 
0 0 0 0 0 0 0 0 0 0 0 0 0 0 0 0 12 95 156 148 189 178 149 175 158 175 163 173 189 170 178 163 87 16 0 0 0 0 0 0 0 0 0 0 0 0 0 0 0 0 
0 0 0 0 0 0 0 0 0 0 0 0 0 0 0 0 14 87 174 145 174 176 186 190 223 172 171 195 166 164 178 169 75 11 0 0 0 0 0 0 0 0 0 0 0 0 0 0 0 0 
0 0 0 0 0 0 0 0 0 0 0 0 0 0 0 0 12 82 158 182 192 178 167 186 189 161 183 195 191 171 160 155 73 11 0 0 0 0 0 0 0 0 0 0 0 0 0 0 0 0 
0 0 0 0 0 0 0 0 0 0 0 0 0 0 0 0 13 103 150 156 172 180 177 168 175 165 182 197 189 160 188 182 77 15 0 0 0 0 0 0 0 0 0 0 0 0 0 0 0 0 
0 0 0 0 0 0 0 0 0 0 0 0 0 0 0 0 20 83 144 184 170 168 194 175 150 160 168 186 191 173 195 164 101 14 0 0 0 0 0 0 0 0 0 0 0 0 0 0 0 0 
0 0 0 0 0 0 0 0 0 0 0 0 0 0 0 0 10 81 153 169 183 193 174 188 177 206 178 176 186 197 176 150 87 25 0 0 0 0 0 0 0 0 0 0 0 0 0 0 0 0 
0 0 0 0 0 0 0 0 0 0 0 0 0 0 0 0 10 90 181 153 197 167 170 170 167 172 171 176 173 158 183 139 88 16 0 0 0 0 0 0 0 0 0 0 0 0 0 0 0 0 
0 0 0 0 0 0 0 0 0 0 0 0 0 0 0 0 15 106 153 192 192 192 161 201 171 169 160 184 182 171 178 152 94 15 0 0 0 0 0 0 0 0 0 0 0 0 0 0 0 0 
0 0 0 0 0 0 0 0 0 0 0 0 0 0 0 0 8 96 167 178 163 162 181 166 176 179 181 163 175 177 165 171 72 20 0 0 0 0 0 0 0 0 0 0 0 0 0 0 0 0 
0 0 0 0 0 0 0 0 0 0 0 0 0 0 0 0 20 86 146 171 199 162 179 165 181 170 195 163 191 192 186 168 90 13 0 0 0 0 0 0 0 0 0 0 0 0 0 0 0 0 
0 0 0 0 0 0 0 0 0 0 0 0 0 0 0 0 6 78 146 161 150 152 159 173 161 185 171 166 175 151 175 127 81 6 0 0 0 0 0 0 0 0 0 0 0 0 0 0 0 0 
0 0 0 0 0 0 0 0 0 0 0 0 0 0 0 0 3 46 74 93 118 105 99 88 96 99 103 98 92 110 101 80 56 8 0 0 0 0 0 0 0 0 0 0 0 0 0 0 0 0 
0 0 0 0 0 0 0 0 0 0 0 0 0 0 0 0 2 15 21 33 36 35 34 28 28 37 39 37 41 23 42 31 18 3 0 0 0 0 0 0 0 0 0 0 0 0 0 0 0 0 
0 0 0 0 0 0 0 0 0 0 0 0 0 0 0 0 0 0 0 0 0 0 1 1 1 0 0 0 2 0 0 0 0 0 0 0 0 0 0 0 0 0 0 0 0 0 0 0 0 0 
0 0 0 0 0 0 0 0 0 0 0 0 0 0 0 0 0 0 0 0 0 0 0 0 0 0 0 0 0 0 0 0 0 0 0 0 0 0 0 0 0 0 0 0 0 0 0 0 0 0 
0 0 0 0 0 0 0 0 0 0 0 0 0 0 0 0 0 0 0 0 0 0 0 0 0 0 0 0 0 0 0 0 0 0 0 0 0 0 0 0 0 0 0 0 0 0 0 0 0 0 
0 0 0 0 0 0 0 0 0 0 0 0 0 0 0 0 0 0 0 0 0 0 0 0 0 0 0 0 0 0 0 0 0 0 0 0 0 0 0 0 0 0 0 0 0 0 0 0 0 0 
0 0 0 0 0 0 0 0 0 0 0 0 0 0 0 0 0 0 0 0 0 0 0 0 0 0 0 0 0 0 0 0 0 0 0 0 0 0 0 0 0 0 0 0 0 0 0 0 0 0 
0 0 0 0 0 0 0 0 0 0 0 0 0 0 0 0 0 0 0 0 0 0 0 0 0 0 0 0 0 0 0 0 0 0 0 0 0 0 0 0 0 0 0 0 0 0 0 0 0 0 
0 0 0 0 0 0 0 0 0 0 0 0 0 0 0 0 0 0 0 0 0 0 0 0 0 0 0 0 0 0 0 0 0 0 0 0 0 0 0 0 0 0 0 0 0 0 0 0 0 0 
0 0 0 0 0 0 0 0 0 0 0 0 0 0 0 0 0 0 0 0 0 0 0 0 0 0 0 0 0 0 0 0 0 0 0 0 0 0 0 0 0 0 0 0 0 0 0 0 0 0 
