# Format: McCode with text headers
# URL: http://www.mccode.org
# Creator:  3.7.12, git
# Instrument: /opt/homebrew/Caskroom/miniconda/base/envs/mcstas/share/mcstas/resources/examples/PSI/PSI_DMC/PSI_DMC.instr
# Ncount: 1000000
# Trace: no
# Gravitation: no
# Seed: 1234
# Directory: /Users/ldq/Work/McStasBench/benchmark/refcache/T1_PSI_DMC_work/ref_20260724_153108_94648_19
# Param: lambda=2.5666
# Param: R=0.87
# Param: R_curve=0.87
# Param: filename=Na2Ca3Al2F14.laz
# Param: D_PHI=6
# Param: SHIFT=0
# Param: PACK=0.7
# Param: Dw=0.8
# Param: BARNS=1
# Param: SPLITS=58
# Date: Fri Jul 24 15:31:17 2026 (1784925077)
# type: array_1d(400)
# Source: PSI_DMC (/opt/homebrew/Caskroom/miniconda/base/envs/mcstas/share/mcstas/resources/examples/PSI/PSI_DMC/PSI_DMC.instr)
# component: Detector
# position: 1.99381 0 51.0721
# title: Longitude [deg] monitor
# Ncount: 1000000
# filename: detector.dat
# statistics: X0=71.4109; dX=18.0678;
# signal: Min=0; Max=36.2606; Mean=1.99073;
# values: 796.293 4.28884 190043
# xvar: th
# yvar: (I,I_err)
# xlabel: Longitude [deg]
# ylabel: Intensity [n/s/bin]
# xlimits: 19.9 99.9
# variables: th I I_err N
20 0.4070195341 0.1207934765 798 
20.2 1.542970966 0.06254419381 1947 
20.4 1.98811711 0.08175609535 2184 
20.6 0.7499253768 0.08067780125 1396 
20.8 0.2359183738 0.125160126 339 
21 0.01106045638 0.01080263835 7 
21.2 0.1091051158 0.08333292925 4 
21.4 0.06962433191 0.08039520207 3 
21.6 0.07307474907 0.06630297682 4 
21.8 0.1717297721 0.1049489867 5 
22 0.184966944 0.1124064717 3 
22.2 0.1447083441 0.08477604085 3 
22.4 0.08352477127 0.06333375133 2 
22.6 0.0803200199 0.09837153244 2 
22.8 0.1339455431 0.09116104982 4 
23 0.0795546874 0.08561784146 5 
23.2 0.1568861659 0.09744735268 4 
23.4 0.2271913374 0.1194866279 5 
23.6 0.0709495841 0.06495011255 4 
23.8 0.1552564436 0.1050715173 4 
24 0.06378948836 0.05149326899 5 
24.2 0.06682488478 0.07117432228 3 
24.4 0.2457781582 0.1440139586 9 
24.6 0.285168043 0.1360762152 6 
24.8 0.203227591 0.1230913514 7 
25 0.2422974807 0.1257891251 8 
25.2 0.1369304552 0.09402452675 7 
25.4 0 0 0 
25.6 0.03447776214 0.03482026977 4 
25.8 0.1288172585 0.0969700254 6 
26 0.2090347039 0.1253951447 5 
26.2 0.1603791944 0.09713296002 4 
26.4 0.192399848 0.1209508022 4 
26.6 0.1941324205 0.1181215522 6 
26.8 0.3474725757 0.1604138114 14 
27 0.1676867212 0.09287045687 7 
27.2 0.2563793063 0.1204407219 6 
27.4 0.1314958102 0.09807040815 3 
27.6 0.3285209771 0.146355548 8 
27.8 0.09492732713 0.08073595244 2 
28 0.1325758626 0.1010308728 5 
28.2 0.2455313152 0.130901681 11 
28.4 0.2705605887 0.1407267412 191 
28.6 0.7845921084 0.1064044519 793 
28.8 5.536455028 0.1917628711 1662 
29 8.33668711 0.2540730531 1959 
29.2 3.402754462 0.2139999138 1431 
29.4 0.1926733085 0.09106306648 487 
29.6 0.2030780932 0.1184303279 56 
29.8 0.1112952143 0.08373535309 4 
30 4.345339365e-10 4.345339365e-10 1 
30.2 0.206945338 0.1065401569 4 
30.4 0.0682870072 0.06191767074 4 
30.6 1.630061896e-06 1.882233349e-06 3 
30.8 0.1668146703 0.1028641285 5 
31 0.04945396105 0.06056848516 2 
31.2 0.09584978615 0.08659598684 6 
31.4 0.3465405297 0.1483407786 6 
31.6 0.08410614793 0.08588295914 4 
31.8 0.1212774554 0.09808345162 4 
32 0.09956945815 0.08467111511 2 
32.2 0.07668370495 0.09358397803 2 
32.4 0.01521726459 0.01863726677 2 
32.6 0.130552852 0.1017813436 3 
32.8 0.03455481553 0.03989754926 3 
33 0.3171924468 0.1521083822 7 
33.2 0.07441923962 0.07167059118 2 
33.4 0.005881788462 0.004772494862 3 
33.6 0.2464627342 0.1305264938 8 
33.8 0.1580289529 0.1004802865 6 
34 0.03675390197 0.04019451107 5 
34.2 0.1562996783 0.09604401061 3 
34.4 0.3677874961 0.1619090137 12 
34.6 0.3696424331 0.1629150974 9 
34.8 0.03117253903 0.03404368348 5 
35 0.211809735 0.1137695059 86 
35.2 0.2135055635 0.1005668676 472 
35.4 3.404997654 0.1765348244 1184 
35.6 10.79235038 0.3022961667 1834 
35.8 9.592665257 0.2908181031 1777 
36 1.846173232 0.1352714623 1085 
36.2 0.2961075743 0.1349347327 330 
36.4 0.0952607182 0.07150431114 31 
36.6 0.1077059637 0.08264899657 4 
36.8 0.2806771517 0.1375130609 10 
37 0.2278148475 0.1213464203 8 
37.2 0.222447929 0.1192847076 5 
37.4 1.801126163e-21 1.801126163e-21 1 
37.6 0.06400477629 0.06724194897 3 
37.8 0.2420464638 0.1307427496 6 
38 0.1692343593 0.0973292115 4 
38.2 0.2334679043 0.1176931125 6 
38.4 0.04766146323 0.0546457545 3 
38.6 0.06855459567 0.07135524092 5 
38.8 7.845349823e-07 9.058950813e-07 3 
39 0.1867304632 0.1158368203 4 
39.2 0.1090363624 0.08543511096 4 
39.4 0.1147870476 0.08573143982 3 
39.6 0.1986728287 0.118938748 8 
39.8 0.05269031548 0.06084134021 3 
40 0.06002241388 0.07350839047 2 
40.2 0.1429488026 0.1065484686 5 
40.4 0.106613461 0.07697312973 6 
40.6 0.1853854963 0.111012882 16 
40.8 0.0712273451 0.05127274133 199 
41 0.5546025333 0.07272597634 607 
41.2 9.964310478 0.35785274 1337 
41.4 18.00838039 0.5153195458 1598 
41.6 14.0869424 0.4435489771 1520 
41.8 2.11467236 0.174328452 888 
42 0.1666961468 0.07845419058 336 
42.2 0.1956080313 0.1118974362 34 
42.4 7.405822296e-61 7.405822296e-61 1 
42.6 0.2262080686 0.1183837672 6 
42.8 0.1322815885 0.09648091579 4 
43 0.2069143525 0.1248352557 6 
43.2 0.2577199744 0.1339243587 7 
43.4 0.4964579487 0.1832796259 13 
43.6 0.1531142434 0.1161390767 5 
43.8 0.153940626 0.1175963773 3 
44 0.2709220617 0.128231576 13 
44.2 0.1988142246 0.1075025652 4 
44.4 0.1205549005 0.09576108062 5 
44.6 0.06206193452 0.07601002732 2 
44.8 0.3212201832 0.1601554835 8 
45 0.1550652603 0.0842602764 5 
45.2 0.2127095766 0.1110447597 8 
45.4 0.1858038837 0.1234450711 5 
45.6 0.1451828783 0.1108975599 4 
45.8 0.08268875627 0.07226412112 126 
46 0.2168016558 0.1126113652 639 
46.2 0.4744501157 0.1115957202 1648 
46.4 2.240906248 0.1405707302 2581 
46.6 3.244040432 0.121600709 3131 
46.8 2.429514284 0.09973776526 2789 
47 0.331891967 0.05960433683 1717 
47.2 0.05247464677 0.04100950539 628 
47.4 0.01148253574 0.01154267052 95 
47.6 0.2581080682 0.1287621546 5 
47.8 0.148036987 0.08154676573 10 
48 0.1536739725 0.09600016199 6 
48.2 0.05481691987 0.04022873537 2 
48.4 5.352787103e-07 6.179888095e-07 3 
48.6 0.156090489 0.09424296479 4 
48.8 0.1581238045 0.111601453 3 
49 0.3134173961 0.1276474707 11 
49.2 0.1350768384 0.08796231577 5 
49.4 0.1599965308 0.1049496555 5 
49.6 0.3737143529 0.1644834898 9 
49.8 0.3696954483 0.1602397246 10 
50 0.1737286686 0.09365075051 5 
50.2 0.1138653479 0.08083054895 4 
50.4 0.07664417618 0.06789709971 9 
50.6 0.1301794119 0.09285986786 163 
50.8 0.2263091584 0.1206954081 447 
51 1.056484013 0.09208325137 911 
51.2 3.780037996 0.158419182 1265 
51.4 4.472340881 0.18088937 1397 
51.6 3.112743328 0.1662575389 1272 
51.8 0.4526458957 0.1222680801 764 
52 0.1928283566 0.1159722965 320 
52.2 0.1664806441 0.09380294366 46 
52.4 0.211267013 0.1279887224 4 
52.6 0.05907696989 0.05907696989 1 
52.8 1.059974282e-17 1.059974282e-17 1 
53 0.2495092983 0.132657017 7 
53.2 0.2160552687 0.1166579176 6 
53.4 0.2071702324 0.1270889861 5 
53.6 0.2287527155 0.1248282162 5 
53.8 0.1201868445 0.07078550442 5 
54 0.3904031867 0.1662996579 10 
54.2 0.1195620585 0.0728863913 7 
54.4 0.05339973469 0.05339973469 1 
54.6 0.2002462398 0.1225967065 5 
54.8 0.1352416829 0.1021939536 7 
55 0.04578149099 0.04586639003 269 
55.2 0.3325767919 0.1510601031 789 
55.4 0.9149772763 0.0824540703 1539 
55.6 4.462248171 0.1194656572 2257 
55.8 6.139622525 0.1685633289 2661 
56 5.413708965 0.1773896443 2521 
56.2 1.793464122 0.148528147 1880 
56.4 0.3125731382 0.1359277046 1040 
56.6 0.05640935824 0.05649996671 311 
56.8 0.1691297067 0.1063466636 23 
57 0.217276101 0.1188989379 6 
57.2 0.1971357293 0.1045391868 6 
57.4 0.02827604133 0.02591304673 6 
57.6 0.0666699492 0.05329963633 5 
57.8 0.3451879385 0.1599002679 7 
58 0.2324111341 0.1205205052 8 
58.2 7.757221753e-06 9.500617558e-06 2 
58.4 0.2860980926 0.1351321198 8 
58.6 0.2096426037 0.1286231428 6 
58.8 0.09110077195 0.06836050115 4 
59 0.2771640664 0.1282069789 13 
59.2 0.136405191 0.09316723748 150 
59.4 0.06859001482 0.04864818105 428 
59.6 0.7287241393 0.0576241117 756 
59.8 3.62480021 0.1408816182 972 
60 5.19343589 0.1948376672 1204 
60.2 5.316258178 0.2106647717 1241 
60.4 2.621270529 0.160913271 995 
60.6 0.1526799994 0.02481321203 719 
60.8 1.642594741e-11 1.278708823e-11 250 
61 0.1366340559 0.09837822723 34 
61.2 0.1319816221 0.08027142621 5 
61.4 0.1556800683 0.111188355 2 
61.6 0.1761405135 0.1098847568 4 
61.8 0.1039213136 0.082722749 4 
62 0.3397477957 0.1525509394 10 
62.2 0.2984867753 0.140383183 8 
62.4 0.07946064497 0.09731901741 2 
62.6 0.340987033 0.1593330549 6 
62.8 0.2161296143 0.1123661779 6 
63 0.06760288253 0.07299701547 6 
63.2 0.1215028984 0.08393135038 230 
63.4 0.09494880015 0.06804916529 735 
63.6 1.111595286 0.1402722658 1348 
63.8 6.694428846 0.292834494 1769 
64 10.33601082 0.3706967166 2180 
64.2 11.80617029 0.3976812236 2447 
64.4 7.913503066 0.3107207392 1973 
64.6 1.578769362 0.1510609437 1547 
64.8 0.2488228378 0.1223227811 830 
65 0.2039045643 0.1156514222 268 
65.2 0.04899186575 0.05059018517 15 
65.4 0.1112106473 0.08940118797 7 
65.6 0.1383711457 0.08806407542 9 
65.8 0.1643891883 0.1013441194 3 
66 0.127520857 0.09014009468 9 
66.2 0.05832845819 0.07143748003 2 
66.4 0.2047278505 0.1243335825 4 
66.6 0.4057879457 0.1716202912 11 
66.8 1.147212351e-07 1.147212351e-07 1 
67 0.1601766653 0.09553624433 99 
67.2 0.1612598019 0.1009029599 482 
67.4 0.3718772911 0.1001587194 1059 
67.6 4.412971083 0.185911709 1492 
67.8 12.21130838 0.3304121563 1940 
68 14.47348455 0.3676480309 2139 
68.2 14.61896819 0.3612676723 2201 
68.4 8.146657722 0.2624191186 1703 
68.6 1.422178863 0.1690387311 1346 
68.8 0.2244226646 0.1239864778 713 
69 0.3654359225 0.165005406 207 
69.2 0.3840626479 0.1599028819 19 
69.4 0.08007904922 0.09246722424 3 
69.6 0.1515523753 0.1058388759 7 
69.8 0.1478705233 0.1131003925 3 
70 0.123567345 0.09567894848 4 
70.2 0.02320698863 0.02842264031 2 
70.4 0.08231150395 0.08231150395 1 
70.6 0.2915582817 0.1491306292 6 
70.8 0.1823466676 0.1071001959 49 
71 0.1971136355 0.1129973035 286 
71.2 1.351111769 0.2476914595 520 
71.4 10.95762784 0.64415116 694 
71.6 27.02979687 1.052214021 902 
71.8 34.53366205 1.225186325 1004 
72 36.26060357 1.252701346 1090 
72.2 24.46605043 0.9954513764 898 
72.4 4.732511951 0.4160369327 722 
72.6 0.3530691501 0.1365444994 428 
72.8 0.1423765566 0.1009742205 185 
73 0.1594007805 0.1006334204 24 
73.2 0.2361579101 0.1275682514 6 
73.4 0.08751540831 0.0675787851 5 
73.6 0.1532297679 0.1170627241 3 
73.8 0.2357913205 0.1253597385 6 
74 0.03409224857 0.03139056502 6 
74.2 0.08885384537 0.07300601488 3 
74.4 0.3237655531 0.1521253765 17 
74.6 0.3952559326 0.1634779432 153 
74.8 0.3321953592 0.1527173547 435 
75 0.2177839357 0.1025624775 609 
75.2 0.3802081251 0.05568408638 692 
75.4 0.8115485709 0.1461698838 841 
75.6 0.7708893464 0.1079411073 917 
75.8 0.6671304658 0.07376362123 932 
76 0.4904728273 0.105303257 776 
76.2 0.1324085717 0.05074575471 643 
76.4 0.1519930292 0.09842410463 398 
76.6 0.2007828295 0.1184791184 154 
76.8 0.2735436968 0.1167887609 26 
77 0.2386821176 0.1273500052 7 
77.2 0.08301597924 0.1016733948 2 
77.4 0.07232771837 0.06065061607 4 
77.6 0.07039455611 0.05933639428 5 
77.8 0.0062790503 0.007690234652 2 
78 0.1873306318 0.1134809923 37 
78.2 0.1876605441 0.1024592814 525 
78.4 0.08055728281 0.05727382457 1385 
78.6 2.379743051 0.2413206095 2038 
78.8 11.68814094 0.4543070515 2540 
79 21.64489066 0.6364992046 3150 
79.2 25.35884886 0.7052699173 3460 
79.4 26.33699607 0.7191711085 3686 
79.6 23.14471792 0.6682255049 3362 
79.8 9.172890606 0.4193849011 2679 
80 1.126174988 0.1737716785 2208 
80.2 0.09026429307 0.06345423592 1258 
80.4 0.1138843293 0.08082863207 350 
80.6 0.1484421776 0.1031713273 16 
80.8 0.1271996417 0.08550832779 4 
81 0.3703076777 0.1569413119 8 
81.2 0.1274862799 0.09941581525 4 
81.4 0.07873235568 0.06799191049 8 
81.6 0.169509024 0.09921292408 3 
81.8 0.06201837254 0.04742886087 6 
82 0.07686112841 0.08593335397 4 
82.2 0.03269841838 0.03416858567 5 
82.4 0.1374615193 0.1049158624 6 
82.6 0.1616509418 0.1101688719 6 
82.8 0.06345486985 0.05757381374 8 
83 0.3419549767 0.1498806696 8 
83.2 0.1341926097 0.09978505346 4 
83.4 0.0600817384 0.06522989163 5 
83.6 0.05810623166 0.07116530909 2 
83.8 0.03339490252 0.03658101009 5 
84 0.07944303493 0.08670720153 5 
84.2 0.2001398629 0.1148183598 7 
84.4 0.2223034998 0.1182532628 7 
84.6 0.07390474098 0.07239779367 5 
84.8 0.2020627966 0.1249524736 5 
85 0.07313341294 0.08176563795 4 
85.2 0.07668866614 0.07729488123 63 
85.4 0.1427542774 0.1012862401 393 
85.6 0.2625733865 0.1055815581 819 
85.8 3.300826622 0.2725170733 971 
86 10.5168622 0.4425840413 1124 
86.2 17.02396905 0.5730280894 1344 
86.4 21.21607516 0.6503410498 1559 
86.6 22.71187893 0.6715891051 1658 
86.8 20.88759765 0.6372594612 1595 
87 13.43975282 0.5180019972 1330 
87.2 3.353260293 0.2434849824 1100 
87.4 0.6831524681 0.1746711947 896 
87.6 0.07423325175 0.07428990794 418 
87.8 0.08958220941 0.07268245141 103 
88 0.08586125185 0.06670809102 3 
88.2 0.09060531632 0.08499853106 3 
88.4 0.003349092526 0.003757778517 3 
88.6 0.06712062233 0.07503029408 4 
88.8 0.045375334 0.04566161653 79 
89 0.2361393013 0.1284899608 277 
89.2 0.6158569275 0.162881867 407 
89.4 3.196156693 0.2899120683 520 
89.6 8.979931124 0.4780290138 588 
89.8 14.01183822 0.6113241244 692 
90 14.76437765 0.6339217477 738 
90.2 15.92821297 0.6546079962 764 
90.4 14.56885437 0.6198671698 729 
90.6 9.147779576 0.4813818806 609 
90.8 3.535122065 0.3004492766 533 
91 0.5823751413 0.1048361949 436 
91.2 0.145058919 0.09322615847 268 
91.4 0.1217406123 0.08647046672 90 
91.6 0.1779871432 0.1078471927 7 
91.8 0.1288617601 0.08181302724 8 
92 0.06517949653 0.06216979585 4 
92.2 0.06745447677 0.06819985273 45 
92.4 0.0958892868 0.07501212376 427 
92.6 0.07979679267 0.06738515622 948 
92.8 0.5518888172 0.1703811911 1227 
93 0.6477595707 0.03460474295 1414 
93.2 1.492702888 0.1192650987 1667 
93.4 1.929445461 0.09912135429 1914 
93.6 2.054278282 0.09779513161 2087 
93.8 2.478580078 0.1762020701 2149 
94 2.265033002 0.1643892187 2126 
94.2 1.685837338 0.1549740441 1842 
94.4 0.7140984315 0.09708078164 1564 
94.6 0.2098515981 0.08693866708 1331 
94.8 0.3488605888 0.1527449155 1032 
95 0.105269201 0.07459123245 381 
95.2 0.03948529703 0.03990314229 47 
95.4 0.2793434212 0.1347467263 8 
95.6 0.2215143651 0.1190114591 6 
95.8 0.1293775255 0.09221207522 64 
96 0.2013455072 0.1164185025 383 
96.2 0.1173935131 0.06892263205 621 
96.4 0.6026710042 0.1031865628 806 
96.6 1.623896547 0.09972613551 976 
96.8 3.299648693 0.1882646964 1135 
97 3.782165339 0.1587451821 1193 
97.2 4.168780693 0.1780775398 1246 
97.4 4.468520166 0.1590559026 1369 
97.6 4.444000775 0.1812256497 1379 
97.8 3.495953049 0.1532790015 1224 
98 1.869860498 0.1377154119 1086 
98.2 0.4605206912 0.08157103721 827 
98.4 0.2957974656 0.1296521359 708 
98.6 0.1942140399 0.1030411523 395 
98.8 0.4125120849 0.1723995169 104 
99 0.1997858059 0.1219080513 6 
99.2 0.3561676396 0.1531698055 9 
99.4 0.1387695226 0.09948406862 165 
99.6 0.3430741536 0.1541897064 668 
99.8 0.1896985955 0.04363558614 928 
