# Format: McCode with text headers
# URL: http://www.mccode.org
# Creator:  3.7.12, git
# Instrument: /opt/homebrew/Caskroom/miniconda/base/envs/mcstas/share/mcstas/resources/examples/PSI/PSI_DMC/PSI_DMC.instr
# Ncount: 1000000
# Trace: no
# Gravitation: no
# Seed: 1234
# Directory: /Users/ldq/Work/McStasBench/benchmark/refcache/T1_PSI_DMC_work/ref_20260724_153108_94648_19
# Param: lambda=2.5666
# Param: R=0.87
# Param: R_curve=0.87
# Param: filename=Na2Ca3Al2F14.laz
# Param: D_PHI=6
# Param: SHIFT=0
# Param: PACK=0.7
# Param: Dw=0.8
# Param: BARNS=1
# Param: SPLITS=58
# Date: Fri Jul 24 15:31:17 2026 (1784925077)
# type: array_1d(128)
# Source: PSI_DMC (/opt/homebrew/Caskroom/miniconda/base/envs/mcstas/share/mcstas/resources/examples/PSI/PSI_DMC/PSI_DMC.instr)
# component: lambda_sample
# position: 1.98674 0 51.065
# title: Wavelength monitor
# Ncount: 1000000
# filename: L_sample.dat
# statistics: X0=2.56684; dX=0.00888968;
# signal: Min=0; Max=232451; Mean=15124.3;
# values: 1.9359e+06 17148.5 24061
# xvar: L
# yvar: (I,I_err)
# xlabel: Wavelength [AA]
# ylabel: Intensity
# xlimits: 2.3666 2.7666
# variables: L I I_err N
2.3681625 0 0 0 
2.3712875 0 0 0 
2.3744125 0 0 0 
2.3775375 0 0 0 
2.3806625 0 0 0 
2.3837875 0 0 0 
2.3869125 0 0 0 
2.3900375 0 0 0 
2.3931625 0 0 0 
2.3962875 0 0 0 
2.3994125 0 0 0 
2.4025375 0 0 0 
2.4056625 0 0 0 
2.4087875 0 0 0 
2.4119125 0 0 0 
2.4150375 0 0 0 
2.4181625 0 0 0 
2.4212875 0 0 0 
2.4244125 0 0 0 
2.4275375 0 0 0 
2.4306625 0 0 0 
2.4337875 0 0 0 
2.4369125 0 0 0 
2.4400375 0 0 0 
2.4431625 0 0 0 
2.4462875 0 0 0 
2.4494125 0 0 0 
2.4525375 0 0 0 
2.4556625 0 0 0 
2.4587875 0 0 0 
2.4619125 0 0 0 
2.4650375 0 0 0 
2.4681625 0 0 0 
2.4712875 0 0 0 
2.4744125 0 0 0 
2.4775375 0 0 0 
2.4806625 0 0 0 
2.4837875 0 0 0 
2.4869125 0 0 0 
2.4900375 0 0 0 
2.4931625 0 0 0 
2.4962875 0 0 0 
2.4994125 0 0 0 
2.5025375 0 0 0 
2.5056625 0 0 0 
2.5087875 0 0 0 
2.5119125 0 0 0 
2.5150375 0 0 0 
2.5181625 0 0 0 
2.5212875 0 0 0 
2.5244125 0 0 0 
2.5275375 0 0 0 
2.5306625 0 0 0 
2.5337875 0 0 0 
2.5369125 0 0 0 
2.5400375 0 0 0 
2.5431625 650.5551748 236.1867424 1002 
2.5462875 17674.77468 1633.18627 983 
2.5494125 41725.33644 2509.696446 1316 
2.5525375 99729.83743 3912.956364 1369 
2.5556625 154391.3882 4829.153439 1594 
2.5587875 174786.9464 5149.908623 1675 
2.5619125 223622.4496 5823.430163 1839 
2.5650375 231007.6876 5917.451969 1913 
2.5681625 221788.9433 5791.981327 1729 
2.5712875 232451.462 5949.495521 1921 
2.5744125 211562.6525 5693.896128 1997 
2.5775375 171842.4985 5142.911102 1842 
2.5806625 88035.17619 3678.44215 1405 
2.5837875 50991.63179 2808.939308 1382 
2.5869125 10248.53031 1074.162247 1111 
2.5900375 5394.457877 793.9056294 983 
2.5931625 0 0 0 
2.5962875 0 0 0 
2.5994125 0 0 0 
2.6025375 0 0 0 
2.6056625 0 0 0 
2.6087875 0 0 0 
2.6119125 0 0 0 
2.6150375 0 0 0 
2.6181625 0 0 0 
2.6212875 0 0 0 
2.6244125 0 0 0 
2.6275375 0 0 0 
2.6306625 0 0 0 
2.6337875 0 0 0 
2.6369125 0 0 0 
2.6400375 0 0 0 
2.6431625 0 0 0 
2.6462875 0 0 0 
2.6494125 0 0 0 
2.6525375 0 0 0 
2.6556625 0 0 0 
2.6587875 0 0 0 
2.6619125 0 0 0 
2.6650375 0 0 0 
2.6681625 0 0 0 
2.6712875 0 0 0 
2.6744125 0 0 0 
2.6775375 0 0 0 
2.6806625 0 0 0 
2.6837875 0 0 0 
2.6869125 0 0 0 
2.6900375 0 0 0 
2.6931625 0 0 0 
2.6962875 0 0 0 
2.6994125 0 0 0 
2.7025375 0 0 0 
2.7056625 0 0 0 
2.7087875 0 0 0 
2.7119125 0 0 0 
2.7150375 0 0 0 
2.7181625 0 0 0 
2.7212875 0 0 0 
2.7244125 0 0 0 
2.7275375 0 0 0 
2.7306625 0 0 0 
2.7337875 0 0 0 
2.7369125 0 0 0 
2.7400375 0 0 0 
2.7431625 0 0 0 
2.7462875 0 0 0 
2.7494125 0 0 0 
2.7525375 0 0 0 
2.7556625 0 0 0 
2.7587875 0 0 0 
2.7619125 0 0 0 
2.7650375 0 0 0 
