# Format: McCode with text headers
# URL: http://www.mccode.org
# Creator:  3.7.12, git
# Instrument: /opt/homebrew/Caskroom/miniconda/base/envs/mcstas/share/mcstas/resources/examples/Templates/templateSANS/templateSANS.instr
# Ncount: 1000000
# Trace: no
# Gravitation: no
# Seed: 1234
# Directory: /Users/ldq/Work/McStasBench/benchmark/refcache/P3_sans_underspecified_work/ref_20260724_105859_74491_5
# Param: lambda=6
# Param: dlambda=0.05
# Param: r=100
# Param: PHI=0.001
# Param: Delta_Rho=0.6
# Param: sigma_abs=0.5
# Date: Fri Jul 24 10:59:01 2026 (1784908741)
# type: array_1d(100)
# Source: templateSANS (/opt/homebrew/Caskroom/miniconda/base/envs/mcstas/share/mcstas/resources/examples/Templates/templateSANS/templateSANS.instr)
# component: PSDrad
# position: 0 0 9.22
# title: PSD monitor radial average
# Ncount: 1000000
# filename: psd2_av.dat
# statistics: X0=0.0499645; dX=0.0247307;
# signal: Min=0; Max=3.68064; Mean=0.493839;
# values: 49.3839 0.381675 365945
# xvar: r
# yvar: (I,I_err)
# xlabel: Radius [m]
# ylabel: Intensity/m^2
# xlimits: 0.0015 0.3015
# variables: r I I_err N
0.003 0 0 0 
0.006 0 0 0 
0.009 0 0 0 
0.012 0 0 0 
0.015 0 0 0 
0.018 0 0 0 
0.021 0.2382232953 0.04428666944 29 
0.024 3.665288686 0.1584849061 537 
0.027 3.680640988 0.1466950394 633 
0.03 3.638756665 0.1354898769 726 
0.033 3.463867397 0.1228805738 801 
0.036 3.25339903 0.1114585325 860 
0.039 2.888646042 0.0977764619 885 
0.042 2.897350333 0.09184641629 1009 
0.045 2.648265729 0.08218104138 1055 
0.048 2.555471445 0.07535476021 1171 
0.051 2.320552382 0.06730501839 1216 
0.054 2.156894391 0.06066835519 1297 
0.057 1.988075402 0.05409991967 1392 
0.06 1.833625607 0.04883869445 1459 
0.063 1.661335632 0.04298632666 1553 
0.066 1.476185836 0.03787410002 1588 
0.069 1.28263319 0.03250996938 1631 
0.072 1.113328657 0.02794740466 1675 
0.075 1.01569168 0.02471940479 1800 
0.078 0.8822296097 0.02125345937 1850 
0.081 0.7744020241 0.01818937386 1960 
0.084 0.6731784937 0.01545964314 2076 
0.087 0.5559224186 0.01287373531 2077 
0.09 0.4906595899 0.01100687584 2235 
0.093 0.3894295426 0.008849105164 2218 
0.096 0.3167418441 0.00710810306 2329 
0.099 0.2411557803 0.005514239806 2282 
0.102 0.192701193 0.00439560995 2384 
0.105 0.1599858061 0.003544596445 2603 
0.108 0.1163396406 0.002656398318 2583 
0.111 0.0871504808 0.001978453987 2780 
0.114 0.06084489942 0.001433920036 2753 
0.117 0.04068093879 0.0009996639104 2841 
0.12 0.02708199314 0.0006850675497 2979 
0.123 0.01520927123 0.0004244546922 2956 
0.126 0.008662483601 0.0002639471527 3059 
0.129 0.005034449612 0.0001559698055 3134 
0.132 0.003568102659 9.755237398e-05 3186 
0.135 0.003911450654 9.826079089e-05 3263 
0.138 0.005821909739 0.0001373637385 3297 
0.141 0.008620826113 0.0001841852588 3423 
0.144 0.01249122181 0.000242699269 3537 
0.147 0.01536885331 0.0002849850712 3537 
0.15 0.01919788847 0.0003363791871 3682 
0.153 0.02307419203 0.0003874120534 3824 
0.156 0.0256690639 0.0004236998489 3825 
0.159 0.02751063647 0.0004487947957 3847 
0.162 0.0295011708 0.0004712006167 3962 
0.165 0.03039956265 0.000480802571 4016 
0.168 0.03007401855 0.0004762337575 3998 
0.171 0.02977140602 0.0004672408849 4076 
0.174 0.02972995756 0.0004579675603 4245 
0.177 0.02849507928 0.0004347002142 4358 
0.18 0.02636029458 0.0004033690722 4367 
0.183 0.02402928532 0.0003670213306 4447 
0.186 0.0216796684 0.000330685763 4516 
0.189 0.01897708402 0.0002921611461 4509 
0.192 0.01625467033 0.0002502888757 4617 
0.195 0.01384541337 0.0002165094527 4596 
0.198 0.01144245918 0.000179448684 4719 
0.201 0.009284978178 0.0001473934504 4849 
0.204 0.007278027014 0.0001170612668 5004 
0.207 0.005460324141 9.075869419e-05 4999 
0.21 0.00385532896 6.686722439e-05 5102 
0.213 0.002637782438 4.823366444e-05 5259 
0.216 0.001670213928 3.302571291e-05 5231 
0.219 0.0009629260403 2.122784147e-05 5225 
0.222 0.0005599044113 1.26972549e-05 5446 
0.225 0.0004323003359 8.965504928e-06 5552 
0.228 0.0004886072235 9.738805323e-06 5547 
0.231 0.0007226197313 1.36059503e-05 5550 
0.234 0.00112561994 1.915976487e-05 5812 
0.237 0.001554183651 2.474600008e-05 5726 
0.24 0.002108334337 3.134428657e-05 5801 
0.243 0.002724902687 3.816109407e-05 6041 
0.246 0.003331954722 4.500830364e-05 6116 
0.249 0.003736950384 4.998304453e-05 6003 
0.252 0.004293318559 5.574700099e-05 6180 
0.255 0.004618648872 5.941994315e-05 6190 
0.258 0.00498801161 6.296858872e-05 6351 
0.261 0.004902777413 6.296902052e-05 6097 
0.264 0.005198170796 6.490234783e-05 6432 
0.267 0.005232776645 6.457106263e-05 6592 
0.27 0.005128688157 6.291014075e-05 6694 
0.273 0.004736772577 5.899208114e-05 6533 
0.276 0.004483147436 5.546022303e-05 6692 
0.279 0.004120857738 5.108996585e-05 6744 
0.282 0.003749372311 4.635815654e-05 6896 
0.285 0.003301694839 4.11085784e-05 6950 
0.288 0.00285213386 3.560474758e-05 7116 
0.291 0.002344533594 3.004785645e-05 6991 
0.294 0.001905621236 2.483124525e-05 7058 
0.297 0.001552108471 2.031411975e-05 7471 
0.3 0.001166015737 1.588655112e-05 7432 
