# Format: McCode with text headers
# URL: http://www.mccode.org
# Creator:  3.7.12, git
# Instrument: /opt/homebrew/Caskroom/miniconda/base/envs/mcstas/share/mcstas/resources/examples/ISIS/ISIS_SANS2d/ISIS_SANS2d.instr
# Ncount: 1000000
# Trace: no
# Gravitation: no
# Seed: 1234
# Directory: /Users/ldq/Work/McStasBench/benchmark/refcache/T1_ISIS_SANS2d_work/ref_20260724_153055_94648_17
# Param: L1=3.926
# Param: A1w=0.03
# Param: A1h=0.02
# Param: S6=0.006
# Param: A2=0.006
# Param: Lmin=1
# Param: Lmax=14
# Date: Fri Jul 24 15:31:02 2026 (1784925062)
# type: array_1d(140)
# Source: ISIS_SANS2d (/opt/homebrew/Caskroom/miniconda/base/envs/mcstas/share/mcstas/resources/examples/ISIS/ISIS_SANS2d/ISIS_SANS2d.instr)
# component: lmonb
# position: 0.0428984 0 6.95065
# title: Wavelength monitor
# Ncount: 1000000
# filename: lmonB.dat
# statistics: X0=4.76847; dX=2.09231;
# signal: Min=0; Max=4.30594e+06; Mean=1.05019e+06;
# values: 1.47027e+08 217016 702350
# xvar: L
# yvar: (I,I_err)
# xlabel: Wavelength [AA]
# ylabel: Intensity
# xlimits: 0 17
# variables: L I I_err N
0.06071428571 0 0 0 
0.1821428571 0 0 0 
0.3035714286 0 0 0 
0.425 0 0 0 
0.5464285714 0 0 0 
0.6678571429 0 0 0 
0.7892857143 0 0 0 
0.9107142857 0 0 0 
1.032142857 259454.5025 7710.211606 4584 
1.153571429 446628.4573 10273.48382 5976 
1.275 628842.8446 12283.00081 5930 
1.396428571 818610.1637 14436.7617 6334 
1.517857143 942094.6504 15743.41503 6774 
1.639285714 1023427.393 16710.67695 7169 
1.760714286 1075945.271 17327.06501 7472 
1.882142857 1234589.557 18775.84567 8589 
2.003571429 1330600.402 19661.599 9575 
2.125 1504431.858 21066.5176 10936 
2.246428571 1690957.77 22542.76767 12408 
2.367857143 1952502.056 24387.73292 13906 
2.489285714 2297515.497 26581.67761 15773 
2.610714286 2560092.239 28165.44965 17017 
2.732142857 2903232.124 30097.92096 18473 
2.853571429 3166261.103 31514.09449 19798 
2.975 3487076.346 33152.71543 20996 
3.096428571 3721758.034 34347.43584 22103 
3.217857143 3969969.414 35533.17253 22877 
3.339285714 4131602.533 36352.73572 22942 
3.460714286 4249705 36934.19518 23312 
3.582142857 4265043.867 37055.6183 22667 
3.703571429 4264756.375 37096.54611 22396 
3.825 4305944.688 37256.74329 22337 
3.946428571 4263911.461 37052.17367 21567 
4.067857143 4179409.028 36707.58967 20475 
4.189285714 4126879.8 36494.44269 19597 
4.310714286 4080860.675 36301.64836 18671 
4.432142857 3966450.595 35824.3264 17691 
4.553571429 3880328.199 35434.82914 16807 
4.675 3738492.317 34874.1457 15692 
4.796428571 3611614.382 34289.43605 14769 
4.917857143 3462546.063 33611.98945 13678 
5.039285714 3301670.585 32877.2711 12735 
5.160714286 3234815.604 32561.57522 12284 
5.282142857 2984259.665 31305.72101 11129 
5.403571429 2813742.473 30403.98246 10303 
5.525 2687860.362 29724.51668 9692 
5.646428571 2507992.812 28721.20746 8903 
5.767857143 2356246.165 27847.27831 8318 
5.889285714 2183969.295 26824.68275 7726 
6.010714286 2068312.866 26108.30339 7255 
6.132142857 1949456.484 25353.13489 6811 
6.253571429 1807640.341 24413.82047 6304 
6.375 1658980.444 23385.62514 5837 
6.496428571 1594341.609 22929.22521 5538 
6.617857143 1437168.336 21772.22034 4991 
6.739285714 1362465.422 21192.0965 4696 
6.860714286 1260208.94 20380.04616 4347 
6.982142857 1196747.855 19860.01763 4137 
7.103571429 1135459.288 19350.30324 3890 
7.225 1051853.264 18618.56182 3599 
7.346428571 995430.6121 18117.50466 3372 
7.467857143 945587.9943 17673.48143 3170 
7.589285714 885086.508 17087.59723 3012 
7.710714286 842877.6095 16665.59777 2824 
7.832142857 756661.9397 15784.9769 2549 
7.953571429 714128.5701 15339.77422 2379 
8.075 667689.4521 14823.72488 2232 
8.196428571 651308.6554 14646.12288 2148 
8.317857143 623536.8125 14333.02718 2031 
8.439285714 602045.8677 14084.41352 1962 
8.560714286 504182.8292 12882.26673 1630 
8.682142857 504766.5323 12887.38688 1637 
8.803571429 704413.2958 15222.14055 2257 
8.925 933693.023 17549.15979 2943 
9.046428571 611674.9826 14206.04273 1927 
9.167857143 394431.9994 11412.78252 1235 
9.289285714 324355.3751 10350.59469 1012 
9.410714286 283012.178 9661.289491 885 
9.532142857 267596.9374 9394.461312 841 
9.653571429 260202.8642 9263.337203 819 
9.775 271070.6664 9461.023762 839 
9.896428571 237513.2507 8853.354061 748 
10.01785714 232977.8336 8771.755898 723 
10.13928571 231235.0732 8729.024475 720 
10.26071429 203581.2337 8195.116949 630 
10.38214286 216302.3795 8439.941984 675 
10.50357143 203588.9808 8187.738484 631 
10.625 176360.8824 7621.683242 551 
10.74642857 152332.223 7088.001753 469 
10.86785714 161115.1708 7290.078512 496 
10.98928571 140053.8865 6802.251647 437 
11.11071429 140242.2704 6805.871972 434 
11.23214286 142122.713 6848.272046 443 
11.35357143 130284.128 6560.721099 401 
11.475 127766.5162 6495.272922 391 
11.59642857 112901.7937 6105.316249 353 
11.71785714 120527.6415 6309.832167 372 
11.83928571 122502.7836 6356.491959 380 
11.96071429 106927.2196 5941.637332 335 
12.08214286 105526.5705 5899.936344 324 
12.20357143 101770.2375 5796.36886 313 
12.325 99264.90023 5722.482298 305 
12.44642857 89527.23846 5435.360733 277 
12.56785714 93116.63891 5544.637043 286 
12.68928571 76752.58445 5029.083998 237 
12.81071429 75942.55577 5008.028383 240 
12.93214286 74013.94438 4945.959431 224 
13.05357143 71679.90543 4866.908868 222 
13.175 73384.7396 4925.962772 230 
13.29642857 54781.26918 4252.596808 167 
13.41785714 54620.89762 4243.29629 169 
13.53928571 51870.13146 4138.633853 162 
13.66071429 50153.82366 4068.662182 152 
13.78214286 49143.02403 4025.839921 151 
13.90357143 52837.2632 4173.632745 163 
14.025 15638.31985 2273.056837 49 
14.14642857 0 0 0 
14.26785714 0 0 0 
14.38928571 0 0 0 
14.51071429 0 0 0 
14.63214286 0 0 0 
14.75357143 0 0 0 
14.875 0 0 0 
14.99642857 0 0 0 
15.11785714 0 0 0 
15.23928571 0 0 0 
15.36071429 0 0 0 
15.48214286 0 0 0 
15.60357143 0 0 0 
15.725 0 0 0 
15.84642857 0 0 0 
15.96785714 0 0 0 
16.08928571 0 0 0 
16.21071429 0 0 0 
16.33214286 0 0 0 
16.45357143 0 0 0 
16.575 0 0 0 
16.69642857 0 0 0 
16.81785714 0 0 0 
16.93928571 0 0 0 
