# Format: McCode with text headers
# URL: http://www.mccode.org
# Creator:  3.7.12, git
# Instrument: /opt/homebrew/Caskroom/miniconda/base/envs/mcstas/share/mcstas/resources/examples/ISIS/ISIS_SANS2d/ISIS_SANS2d.instr
# Ncount: 1000000
# Trace: no
# Gravitation: no
# Seed: 1234
# Directory: /Users/ldq/Work/McStasBench/benchmark/refcache/T1_ISIS_SANS2d_work/ref_20260724_153055_94648_17
# Param: L1=3.926
# Param: A1w=0.03
# Param: A1h=0.02
# Param: S6=0.006
# Param: A2=0.006
# Param: Lmin=1
# Param: Lmax=14
# Date: Fri Jul 24 15:31:02 2026 (1784925062)
# type: array_1d(140)
# Source: ISIS_SANS2d (/opt/homebrew/Caskroom/miniconda/base/envs/mcstas/share/mcstas/resources/examples/ISIS/ISIS_SANS2d/ISIS_SANS2d.instr)
# component: lmon2
# position: 0.342696 0 19.4436
# title: Wavelength monitor
# Ncount: 1000000
# filename: lmonitor3.dat
# statistics: X0=4.29632; dX=1.93142;
# signal: Min=0; Max=195284; Mean=40021.5;
# values: 5.60301e+06 42575 19561
# xvar: L
# yvar: (I,I_err)
# xlabel: Wavelength [AA]
# ylabel: Intensity
# xlimits: 0 17
# variables: L I I_err N
0.06071428571 0 0 0 
0.1821428571 0 0 0 
0.3035714286 0 0 0 
0.425 0 0 0 
0.5464285714 0 0 0 
0.6678571429 0 0 0 
0.7892857143 0 0 0 
0.9107142857 0 0 0 
1.032142857 13481.12853 1744.553539 289 
1.153571429 24659.05817 2450.117281 312 
1.275 31360.15175 2757.74541 309 
1.396428571 45564.88282 3433.422509 313 
1.517857143 50979.1475 3724.019409 298 
1.639285714 60337.56408 4083.926369 294 
1.760714286 54683.49069 3945.050075 261 
1.882142857 75728.39415 4681.09077 348 
2.003571429 73232.00318 4678.937153 325 
2.125 86467.82267 5133.880486 351 
2.246428571 100693.1038 5588.576923 383 
2.367857143 110232.0908 5866.047421 416 
2.489285714 129846.8889 6398.946206 492 
2.610714286 133190.8296 6507.721135 492 
2.732142857 144167.1993 6789.340391 528 
2.853571429 154205.8272 7051.962302 534 
2.975 162549.529 7253.769802 570 
3.096428571 174189.5054 7521.688713 603 
3.217857143 187804.9369 7823.325765 636 
3.339285714 175186.403 7570.702823 598 
3.460714286 195284.0088 8002.644688 651 
3.582142857 170857.0932 7494.499911 576 
3.703571429 186604.5769 7851.333471 589 
3.825 174317.8018 7575.732195 563 
3.946428571 185821.6564 7827.942969 589 
4.067857143 157134.2638 7184.506064 503 
4.189285714 169598.2472 7483.029594 533 
4.310714286 153649.8679 7125.539652 479 
4.432142857 148337.3732 6989.420494 466 
4.553571429 135666.702 6693.890162 416 
4.675 126899.1055 6476.971787 387 
4.796428571 115144.0422 6178.542526 349 
4.917857143 120883.9904 6328.393397 365 
5.039285714 111017.5405 6066.350736 336 
5.160714286 103189.9391 5851.841669 311 
5.282142857 100276.5119 5770.824469 302 
5.403571429 83639.58305 5269.305169 252 
5.525 83455.73921 5267.927007 251 
5.646428571 81121.66279 5193.514504 245 
5.767857143 62767.7046 4565.903025 189 
5.889285714 61134.23434 4507.067748 184 
6.010714286 51788.30563 4146.340559 157 
6.132142857 57451.13859 4366.945287 174 
6.253571429 55259.52937 4289.117921 166 
6.375 50796.63273 4106.813787 153 
6.496428571 42208.85015 3745.566334 127 
6.617857143 40245.72709 3658.819009 121 
6.739285714 32895.02137 3306.182473 99 
6.860714286 36553.87402 3485.403324 110 
6.982142857 39834.27023 3636.529186 120 
7.103571429 32609.57005 3294.175573 98 
7.225 24280.75499 2841.952732 73 
7.346428571 24597.72085 2859.511043 74 
7.467857143 21963.8661 2703.649008 66 
7.589285714 21938.98077 2700.601245 66 
7.710714286 21940.49094 2700.767566 66 
7.832142857 23925.24428 2819.719042 72 
7.953571429 20231.40672 2590.437001 61 
8.075 15943.47205 2301.321292 48 
8.196428571 19575.48739 2548.590469 59 
8.317857143 16248.92847 2321.343847 49 
8.439285714 13934.09826 2150.184014 42 
8.560714286 13314.50045 2105.270561 40 
8.682142857 12635.2816 2049.791115 38 
8.803571429 15634.67787 2280.63575 47 
8.925 23593.0565 2800.077757 71 
9.046428571 14324.25292 2184.484171 43 
9.167857143 9631.118486 1788.568094 29 
9.289285714 6666.372053 1490.677782 20 
9.410714286 4987.264957 1287.734402 15 
9.532142857 8634.400758 1693.408138 26 
9.653571429 6317.661248 1449.43216 19 
9.775 6975.282325 1522.188501 21 
9.896428571 7003.498616 1528.312885 21 
10.01785714 4993.899582 1289.437505 15 
10.13928571 6646.534148 1486.284103 20 
10.26071429 5636.714909 1367.165961 17 
10.38214286 2994.381925 998.1585668 9 
10.50357143 6302.680825 1445.995802 19 
10.625 1328.61097 664.3277391 4 
10.74642857 3675.36999 1108.190122 11 
10.86785714 4638.521102 1239.73681 14 
10.98928571 2991.077214 997.0678675 9 
11.11071429 3633.809003 1095.682579 11 
11.23214286 2634.021194 931.296529 8 
11.35357143 4321.505144 1198.657631 13 
11.475 3333.177723 1054.06412 10 
11.59642857 2667.236469 943.0399545 8 
11.71785714 3007.760003 1002.620553 9 
11.83928571 3314.892798 1048.296948 10 
11.96071429 1987.934163 811.5982502 6 
12.08214286 3331.517043 1053.542385 10 
12.20357143 3984.180532 1150.169244 12 
12.325 2328.432493 880.1042584 7 
12.44642857 1335.262245 667.6367138 4 
12.56785714 1660.747063 742.7227311 5 
12.68928571 3001.083399 1000.401066 9 
12.81071429 1333.601523 666.8139773 4 
12.93214286 3992.467493 1152.547982 12 
13.05357143 1330.280037 665.1643109 4 
13.175 1326.925211 663.4702616 4 
13.29642857 1330.255001 665.1351441 4 
13.41785714 335.4909189 335.4909189 1 
13.53928571 1338.617196 669.3170485 4 
13.66071429 998.1106037 576.2690459 3 
13.78214286 332.144397 332.144397 1 
13.90357143 1644.387297 735.5211103 5 
14.025 0 0 0 
14.14642857 0 0 0 
14.26785714 0 0 0 
14.38928571 0 0 0 
14.51071429 0 0 0 
14.63214286 0 0 0 
14.75357143 0 0 0 
14.875 0 0 0 
14.99642857 0 0 0 
15.11785714 0 0 0 
15.23928571 0 0 0 
15.36071429 0 0 0 
15.48214286 0 0 0 
15.60357143 0 0 0 
15.725 0 0 0 
15.84642857 0 0 0 
15.96785714 0 0 0 
16.08928571 0 0 0 
16.21071429 0 0 0 
16.33214286 0 0 0 
16.45357143 0 0 0 
16.575 0 0 0 
16.69642857 0 0 0 
16.81785714 0 0 0 
16.93928571 0 0 0 
