# Format: McCode with text headers
# URL: http://www.mccode.org
# Creator:  3.7.12, git
# Instrument: /opt/homebrew/Caskroom/miniconda/base/envs/mcstas/share/mcstas/resources/examples/ISIS/ISIS_SANS2d/ISIS_SANS2d.instr
# Ncount: 1000000
# Trace: no
# Gravitation: no
# Seed: 1234
# Directory: /Users/ldq/Work/McStasBench/benchmark/refcache/T1_ISIS_SANS2d_work/ref_20260724_153055_94648_17
# Param: L1=3.926
# Param: A1w=0.03
# Param: A1h=0.02
# Param: S6=0.006
# Param: A2=0.006
# Param: Lmin=1
# Param: Lmax=14
# Date: Fri Jul 24 15:31:02 2026 (1784925062)
# type: array_1d(140)
# Source: ISIS_SANS2d (/opt/homebrew/Caskroom/miniconda/base/envs/mcstas/share/mcstas/resources/examples/ISIS/ISIS_SANS2d/ISIS_SANS2d.instr)
# component: lmon1
# position: 0 0 3.69801
# title: Wavelength monitor
# Ncount: 1000000
# filename: lmon1.dat
# statistics: X0=3.98881; dX=1.99869;
# signal: Min=0; Max=1.08228e+07; Mean=2.43267e+06;
# values: 3.40574e+08 340574 1e+06
# xvar: L
# yvar: (I,I_err)
# xlabel: Wavelength [AA]
# ylabel: Intensity
# xlimits: 0 17
# variables: L I I_err N
0.06071428571 0 0 0 
0.1821428571 0 0 0 
0.3035714286 0 0 0 
0.425 0 0 0 
0.5464285714 0 0 0 
0.6678571429 0 0 0 
0.7892857143 0 0 0 
0.9107142857 0 0 0 
1.032142857 5275491.707 42387.44466 15490 
1.153571429 6343531.862 46480.55726 18626 
1.275 5880010.609 44750.18327 17265 
1.396428571 5724027.703 44152.63499 16807 
1.517857143 5557487.003 43505.58285 16318 
1.639285714 5416829.929 42951.5028 15905 
1.760714286 5273788.837 42380.60301 15485 
1.882142857 5532625.099 43408.16076 16245 
2.003571429 5676006.765 43967.0387 16666 
2.125 5967878.708 45083.30617 17523 
2.246428571 6508029.118 47079.35531 19109 
2.367857143 7082236.93 49112.38097 20795 
2.489285714 7890759.675 51840.02135 23169 
2.610714286 8548408.125 53957.07364 25100 
2.732142857 9197201.65 55967.20486 27005 
2.853571429 9804785.717 57786.29054 28789 
2.975 10121860.14 58713.22412 29720 
3.096428571 10544853.08 59927.48199 30962 
3.217857143 10816631.16 60694.84041 31760 
3.339285714 10822761.49 60712.03739 31778 
3.460714286 10749197.5 60505.351 31562 
3.582142857 10362986.55 59408.45126 30428 
3.703571429 10115729.81 58695.44152 29702 
3.825 9849060.341 57916.61386 28919 
3.946428571 9448204.709 56725.77142 27742 
4.067857143 8962886.718 55249.67366 26317 
4.189285714 8533422.868 53909.75984 25056 
4.310714286 8113154.516 52565.48031 23822 
4.432142857 7683009.517 51153.04004 22559 
4.553571429 7291349.384 49832.16066 21409 
4.675 6846900.277 48289.50624 20104 
4.796428571 6339785.548 46466.83017 18615 
4.917857143 5919857.77 44901.55689 17382 
5.039285714 5501973.436 43287.74954 16155 
5.160714286 5287752.372 42436.67198 15526 
5.282142857 4767014.682 40292.94474 13997 
5.403571429 4423034.913 38811.99325 12987 
5.525 4185314.241 37754.59354 12289 
5.646428571 3861087.765 36262.73867 11337 
5.767857143 3569556.397 34866.86397 10481 
5.889285714 3303227.506 33540.92277 9699 
6.010714286 3111143.754 32551.11001 9135 
6.132142857 2901690.726 31436.29274 8520 
6.253571429 2715737.306 30412.32638 7974 
6.375 2509690.019 29235.8554 7369 
6.496428571 2365627.205 28384.34759 6946 
6.617857143 2111558.979 26816.82585 6200 
6.739285714 2001212.994 26106.72656 5876 
6.860714286 1849657.551 25098.7116 5431 
6.982142857 1759746.007 24481.09041 5167 
7.103571429 1651784.04 23718.23656 4850 
7.225 1525090.501 22790.48522 4478 
7.346428571 1413722.794 21942.59027 4151 
7.467857143 1336753.063 21336.90175 3925 
7.589285714 1262507.925 20735.89667 3707 
7.710714286 1192349.675 20151.50944 3501 
7.832142857 1076554.505 19148.0157 3161 
7.953571429 1012867.162 18572.99787 2974 
8.075 933513.4131 17830.60358 2741 
8.196428571 912397.8234 17627.79063 2679 
8.317857143 855181.3865 17066.12347 2511 
8.439285714 817377.6693 16684.65181 2400 
8.560714286 686937.8162 15295.52809 2017 
8.682142857 681148.0578 15230.9336 2000 
8.803571429 947136.3743 17960.23527 2781 
8.925 1238327.169 20536.35978 3636 
9.046428571 805457.5783 16562.54608 2365 
9.167857143 524484.0045 13365.08999 1540 
9.289285714 429804.4244 12098.76954 1262 
9.410714286 381442.9123 11397.78704 1120 
9.532142857 354537.5641 10988.46152 1041 
9.653571429 346363.7874 10861.05476 1017 
9.775 354878.1381 10993.73809 1042 
9.896428571 318777.291 10419.56171 936 
10.01785714 315030.9767 10358.15471 925 
10.13928571 294596.535 10016.58269 865 
10.26071429 267010.0386 9536.072809 784 
10.38214286 279951.8517 9764.442126 822 
10.50357143 267350.6127 9542.15255 785 
10.625 224097.711 8736.238338 658 
10.74642857 198554.6588 8223.293751 583 
10.86785714 208090.7316 8418.449908 611 
10.98928571 188337.438 8008.922527 553 
11.11071429 180163.6613 7833.202664 529 
11.23214286 180163.6613 7833.202664 529 
11.35357143 171308.7365 7638.279033 503 
11.475 162794.3858 7446.041892 478 
11.59642857 146446.8324 7062.293376 430 
11.71785714 153258.313 7224.666159 450 
11.83928571 157345.2013 7320.361271 462 
11.96071429 137932.4817 6853.920119 405 
12.08214286 139975.9259 6904.503242 411 
12.20357143 130439.8531 6665.165135 383 
12.325 126693.5387 6568.753985 372 
12.44642857 118519.762 6353.326126 348 
12.56785714 120563.2062 6407.862114 354 
12.68928571 97404.17226 5759.629448 286 
12.81071429 99788.19046 5829.688333 293 
12.93214286 94339.006 5668.281517 277 
13.05357143 91273.83974 5575.437143 268 
13.175 97744.74629 5769.689944 287 
13.29642857 76969.73053 5119.950315 226 
13.41785714 72201.69412 4958.832711 212 
13.53928571 70158.24995 4888.156896 206 
13.66071429 65730.78757 4731.40562 193 
13.78214286 66752.50966 4768.036404 196 
13.90357143 70158.24995 4888.156896 206 
14.025 17709.8495 2455.914248 52 
14.14642857 0 0 0 
14.26785714 0 0 0 
14.38928571 0 0 0 
14.51071429 0 0 0 
14.63214286 0 0 0 
14.75357143 0 0 0 
14.875 0 0 0 
14.99642857 0 0 0 
15.11785714 0 0 0 
15.23928571 0 0 0 
15.36071429 0 0 0 
15.48214286 0 0 0 
15.60357143 0 0 0 
15.725 0 0 0 
15.84642857 0 0 0 
15.96785714 0 0 0 
16.08928571 0 0 0 
16.21071429 0 0 0 
16.33214286 0 0 0 
16.45357143 0 0 0 
16.575 0 0 0 
16.69642857 0 0 0 
16.81785714 0 0 0 
16.93928571 0 0 0 
