# Format: McCode with text headers
# URL: http://www.mccode.org
# Creator:  3.7.12, git
# Instrument: /opt/homebrew/Caskroom/miniconda/base/envs/mcstas/share/mcstas/resources/examples/ISIS/ISIS_SANS2d/ISIS_SANS2d.instr
# Ncount: 1000000
# Trace: no
# Gravitation: no
# Seed: 1234
# Directory: /Users/ldq/Work/McStasBench/benchmark/refcache/T1_ISIS_SANS2d_work/ref_20260724_153055_94648_17
# Param: L1=3.926
# Param: A1w=0.03
# Param: A1h=0.02
# Param: S6=0.006
# Param: A2=0.006
# Param: Lmin=1
# Param: Lmax=14
# Date: Fri Jul 24 15:31:02 2026 (1784925062)
# type: array_1d(140)
# Source: ISIS_SANS2d (/opt/homebrew/Caskroom/miniconda/base/envs/mcstas/share/mcstas/resources/examples/ISIS/ISIS_SANS2d/ISIS_SANS2d.instr)
# component: lmonitor2
# position: 0.305271 0 17.884
# title: Wavelength monitor
# Ncount: 1000000
# filename: lmonitor2.dat
# statistics: X0=4.6258; dX=1.98834;
# signal: Min=0; Max=1.59467e+06; Mean=358134;
# values: 5.01388e+07 127207 209769
# xvar: L
# yvar: (I,I_err)
# xlabel: Wavelength [AA]
# ylabel: Intensity
# xlimits: 0 17
# variables: L I I_err N
0.06071428571 0 0 0 
0.1821428571 0 0 0 
0.3035714286 0 0 0 
0.425 0 0 0 
0.5464285714 0 0 0 
0.6678571429 0 0 0 
0.7892857143 0 0 0 
0.9107142857 0 0 0 
1.032142857 71732.59549 4072.805833 1740 
1.153571429 135844.4368 5734.428473 2325 
1.275 185876.5225 6765.351125 2309 
1.396428571 248892.5042 8074.03009 2462 
1.517857143 275773.8661 8611.927371 2528 
1.639285714 328239.6926 9520.367906 2645 
1.760714286 340395.7024 9827.677374 2595 
1.882142857 426928.9133 11128.82428 3113 
2.003571429 457443.0729 11641.60161 3328 
2.125 520460.8319 12505.81334 3630 
2.246428571 603500.4442 13569.52845 4085 
2.367857143 702882.1081 14730.2367 4452 
2.489285714 854303.5046 16320.12537 5099 
2.610714286 971612.7868 17496.77004 5489 
2.732142857 1111295.446 18767.5683 6047 
2.853571429 1186558.74 19467.49299 6147 
2.975 1296303.719 20378.72467 6497 
3.096428571 1414278.199 21343.40499 6821 
3.217857143 1486365.537 21911.09475 7029 
3.339285714 1555786.144 22470.20637 6916 
3.460714286 1594673.16 22762.09434 6973 
3.582142857 1548467.013 22452.33751 6674 
3.703571429 1581907.357 22702.5283 6586 
3.825 1577974.589 22670.96576 6389 
3.946428571 1527974.232 22283.87322 6069 
4.067857143 1522406.12 22254.59441 5845 
4.189285714 1497821.067 22089.10479 5555 
4.310714286 1403100.015 21382.58328 5159 
4.432142857 1407683.015 21425.73031 5066 
4.553571429 1344425.204 20957.94536 4670 
4.675 1297443.284 20622.8991 4356 
4.796428571 1236952.984 20130.98012 4108 
4.917857143 1147071.006 19392.49365 3764 
5.039285714 1091440.838 18932.84478 3495 
5.160714286 1087631.846 18888.11906 3478 
5.282142857 1010314.302 18219.74385 3201 
5.403571429 923995.1552 17425.17225 2892 
5.525 862025.4057 16840.42558 2679 
5.646428571 818644.301 16410.72138 2540 
5.767857143 742706.3371 15640.99137 2278 
5.889285714 681247.1517 14979.06912 2112 
6.010714286 656020.5974 14703.50954 2016 
6.132142857 635645.68 14474.26911 1948 
6.253571429 576879.0336 13791.36061 1765 
6.375 538431.3367 13327.12772 1647 
6.496428571 490112.8295 12711.90663 1499 
6.617857143 464452.904 12381.63746 1413 
6.739285714 414164.5875 11688.60013 1265 
6.860714286 382993.2766 11238.99494 1169 
6.982142857 372280.2293 11073.81257 1137 
7.103571429 351681.153 10768.76197 1070 
7.225 317419.775 10229.89901 963 
7.346428571 290932.9462 9797.255935 882 
7.467857143 293707.0102 9846.024895 891 
7.589285714 257638.1868 9215.573345 784 
7.710714286 242063.4909 8935.647248 734 
7.832142857 219724.8728 8515.018747 666 
7.953571429 209992.661 8321.127422 637 
8.075 204571.1646 8216.572799 620 
8.196428571 194061.8543 8003.727171 588 
8.317857143 180640.1125 7724.327913 547 
8.439285714 183070.3221 7777.25072 555 
8.560714286 151410.82 7066.025547 460 
8.682142857 144855.0328 6914.234783 439 
8.803571429 209360.9575 8309.134149 635 
8.925 270808.2835 9452.2207 821 
9.046428571 166582.773 7413.625527 505 
9.167857143 110228.3109 6032.004864 334 
9.289285714 96232.1864 5632.176208 292 
9.410714286 69980.92544 4806.729432 212 
9.532142857 75351.0167 4990.728529 228 
9.653571429 72436.93905 4884.255935 220 
9.775 75531.53182 4991.789673 229 
9.896428571 60396.01401 4465.165737 183 
10.01785714 70025.19285 4809.74047 212 
10.13928571 62014.82645 4523.358855 188 
10.26071429 59719.13363 4439.322024 181 
10.38214286 54863.99846 4258.686694 166 
10.50357143 54398.58849 4235.397645 165 
10.625 42850.99887 3758.626183 130 
10.74642857 42589.4334 3750.23579 129 
10.86785714 40890.6354 3672.532116 124 
10.98928571 36650.51153 3479.022208 111 
11.11071429 39915.02949 3629.029 121 
11.23214286 44119.74845 3811.818138 134 
11.35357143 34295.93701 3363.327408 104 
11.475 34966.47251 3396.700361 106 
11.59642857 33429.24202 3326.565263 101 
11.71785714 36679.48994 3481.850374 111 
11.83928571 37308.17186 3509.964306 113 
11.96071429 30404.7743 3170.119304 92 
12.08214286 28999.54144 3091.68186 88 
12.20357143 28011.94245 3038.705939 85 
12.325 19799.86306 2556.450114 60 
12.44642857 23813.03085 2806.586877 72 
12.56785714 25722.8587 2912.886016 78 
12.68928571 22144.66221 2705.678167 67 
12.81071429 18121.12419 2443.779887 55 
12.93214286 23677.39359 2790.784661 72 
13.05357143 21436.86508 2659.136399 65 
13.175 23429.80533 2780.831149 71 
13.29642857 14549.14182 2193.554548 44 
13.41785714 13203.88155 2087.892792 40 
13.53928571 13921.24443 2148.26793 42 
13.66071429 13221.03924 2090.70104 40 
13.78214286 13803.90453 2130.182824 42 
13.90357143 16130.84048 2304.640749 49 
14.025 3635.63568 1096.289769 11 
14.14642857 0 0 0 
14.26785714 0 0 0 
14.38928571 0 0 0 
14.51071429 0 0 0 
14.63214286 0 0 0 
14.75357143 0 0 0 
14.875 0 0 0 
14.99642857 0 0 0 
15.11785714 0 0 0 
15.23928571 0 0 0 
15.36071429 0 0 0 
15.48214286 0 0 0 
15.60357143 0 0 0 
15.725 0 0 0 
15.84642857 0 0 0 
15.96785714 0 0 0 
16.08928571 0 0 0 
16.21071429 0 0 0 
16.33214286 0 0 0 
16.45357143 0 0 0 
16.575 0 0 0 
16.69642857 0 0 0 
16.81785714 0 0 0 
16.93928571 0 0 0 
