# Format: McCode with text headers
# URL: http://www.mccode.org
# Creator:  3.7.12, git
# Instrument: /opt/homebrew/Caskroom/miniconda/base/envs/mcstas/share/mcstas/resources/examples/ISIS/ISIS_SANS2d/ISIS_SANS2d.instr
# Ncount: 1000000
# Trace: no
# Gravitation: no
# Seed: 1234
# Directory: /Users/ldq/Work/McStasBench/benchmark/refcache/T1_ISIS_SANS2d_work/ref_20260724_153055_94648_17
# Param: L1=3.926
# Param: A1w=0.03
# Param: A1h=0.02
# Param: S6=0.006
# Param: A2=0.006
# Param: Lmin=1
# Param: Lmax=14
# Date: Fri Jul 24 15:31:02 2026 (1784925062)
# type: array_2d(100, 100)
# Source: ISIS_SANS2d (/opt/homebrew/Caskroom/miniconda/base/envs/mcstas/share/mcstas/resources/examples/ISIS/ISIS_SANS2d/ISIS_SANS2d.instr)
# component: psd3
# position: 0.241648 0 15.2328
# title: PSD monitor
# Ncount: 1000000
# filename: psd3.dat
# statistics: X0=-0.0134176; dX=0.869634; Y0=-2.67966e-05; dY=0.579884;
# signal: Min=0; Max=77613.2; Mean=10127.6;
# values: 1.01276e+08 180433 544643
# xvar: X 
# yvar: Y 
# xlabel: X position [cm]
# ylabel: Y position [cm]
# zvar: I
# zlabel: Signal per bin
# xylimits: -3 3 -3 3
# variables: I I_err N
# Data [psd3/psd3.dat] I:
0 0 0 0 0 0 0 0 0 0 0 0 0 0 0 0 0 0 0 0 0 0 0 0 0 0 0 0 0 0 0 0 0 0 0 0 0 0 0 0 0 0 0 0 0 0 0 0 0 0 0 0 0 0 0 0 0 0 0 0 0 0 0 0 0 0 0 0 0 0 0 0 0 0 0 0 0 0 0 0 0 0 0 0 0 0 0 0 0 0 0 0 0 0 0 0 0 0 0 0 
0 0 0 0 0 0 0 0 0 0 0 0 0 0 0 0 0 0 0 0 0 0 0 0 0 0 0 0 0 0 0 0 0 0 0 0 0 0 0 0 0 0 0 0 0 0 0 0 0 0 0 0 0 0 0 0 0 0 0 0 0 0 0 0 0 0 0 0 0 0 0 0 0 0 0 0 0 0 0 0 0 0 0 0 0 0 0 0 0 0 0 0 0 0 0 0 0 0 0 0 
0 0 0 0 0 0 0 0 0 0 0 0 0 0 0 0 0 0 0 0 0 0 0 0 0 0 0 0 0 0 0 0 0 0 0 0 0 0 0 0 0 0 0 0 0 0 0 0 0 0 0 0 0 0 0 0 0 0 0 0 0 0 0 0 0 0 0 0 0 0 0 0 0 0 0 0 0 0 0 0 0 0 0 0 0 0 0 0 0 0 0 0 0 0 0 0 0 0 0 0 
0 0 0 0 0 0 0 0 0 0 0 0 0 0 0 0 0 0 0 0 0 0 0 0 0 0 0 0 0 0 0 0 0 0 0 0 0 0 0 0 0 0 0 0 0 0 0 0 0 0 0 0 0 0 0 0 0 0 0 0 0 0 0 0 0 0 0 0 0 0 0 0 0 0 0 0 0 0 0 0 0 0 0 0 0 0 0 0 0 0 0 0 0 0 0 0 0 0 0 0 
0 0 0 0 0 0 0 0 0 0 0 0 0 0 0 0 0 0 0 0 0 0 0 0 0 0 0 0 0 0 0 0 0 0 0 0 0 0 0 0 0 0 0 0 0 0 0 0 0 0 0 0 0 0 0 0 0 0 0 0 0 0 0 0 0 0 0 0 0 0 0 0 0 0 0 0 0 0 0 0 0 0 0 0 0 0 0 0 0 0 0 0 0 0 0 0 0 0 0 0 
0 0 0 0 0 0 0 0 0 0 0 0 0 0 0 0 0 0 0 0 0 0 0 0 0 0 0 0 0 0 0 0 0 0 0 0 0 0 0 0 0 0 0 0 0 0 0 0 0 0 0 0 0 0 0 0 0 0 0 0 0 0 0 0 0 0 0 0 0 0 0 0 0 0 0 0 0 0 0 0 0 0 0 0 0 0 0 0 0 0 0 0 0 0 0 0 0 0 0 0 
0 0 0 0 0 0 0 0 0 0 0 0 0 0 0 0 0 0 0 0 0 0 0 0 0 0 0 0 0 0 0 0 0 0 0 0 0 0 0 0 0 0 0 0 0 0 0 0 0 0 0 0 0 0 0 0 0 0 0 0 0 0 0 0 0 0 0 0 0 0 0 0 0 0 0 0 0 0 0 0 0 0 0 0 0 0 0 0 0 0 0 0 0 0 0 0 0 0 0 0 
0 0 0 0 0 0 0 0 0 0 0 0 0 0 0 0 0 0 0 0 0 0 0 0 0 0 0 0 0 0 0 0 0 0 0 0 0 0 0 0 0 0 0 0 0 0 0 0 0 0 0 0 0 0 0 0 0 0 0 0 0 0 0 0 0 0 0 0 0 0 0 0 0 0 0 0 0 0 0 0 0 0 0 0 0 0 0 0 0 0 0 0 0 0 0 0 0 0 0 0 
0 0 0 0 0 0 0 0 0 0 0 0 0 0 0 0 0 0 0 0 0 0 0 0 0 0 0 0 0 0 0 0 0 0 0 0 0 0 0 0 0 0 0 0 0 0 0 0 0 0 0 0 0 0 0 0 0 0 0 0 0 0 0 0 0 0 0 0 0 0 0 0 0 0 0 0 0 0 0 0 0 0 0 0 0 0 0 0 0 0 0 0 0 0 0 0 0 0 0 0 
0 0 0 0 0 0 0 0 0 0 0 0 0 0 0 0 0 0 0 0 0 0 0 0 0 0 0 0 0 0 0 0 0 0 0 0 0 0 0 0 0 0 0 0 0 0 0 0 0 0 0 0 0 0 0 0 0 0 0 0 0 0 0 0 0 0 0 0 0 0 0 0 0 0 0 0 0 0 0 0 0 0 0 0 0 0 0 0 0 0 0 0 0 0 0 0 0 0 0 0 
0 0 0 0 0 0 0 0 0 0 0 0 0 0 0 0 0 0 0 0 0 0 0 0 0 0 0 0 0 0 0 0 0 0 0 0 0 0 0 0 0 0 0 0 0 0 0 0 0 0 0 0 0 0 0 0 0 0 0 0 0 0 0 0 0 0 0 0 0 0 0 0 0 0 0 0 0 0 0 0 0 0 0 0 0 0 0 0 0 0 0 0 0 0 0 0 0 0 0 0 
0 0 0 0 0 0 0 0 0 0 0 0 0 0 0 0 0 0 0 0 0 0 0 0 0 0 0 0 0 0 0 0 0 0 0 0 0 0 0 0 0 0 0 0 0 0 0 0 0 0 0 0 0 0 0 0 0 0 0 0 0 0 0 0 0 0 0 0 0 0 0 0 0 0 0 0 0 0 0 0 0 0 0 0 0 0 0 0 0 0 0 0 0 0 0 0 0 0 0 0 
0 0 0 0 0 0 0 0 0 0 0 0 0 0 0 0 0 0 0 0 0 0 0 0 0 0 0 0 0 0 0 0 0 0 0 0 0 0 0 0 0 0 0 0 0 0 0 0 0 0 0 0 0 0 0 0 0 0 0 0 0 0 0 0 0 0 0 0 0 0 0 0 0 0 0 0 0 0 0 0 0 0 0 0 0 0 0 0 0 0 0 0 0 0 0 0 0 0 0 0 
0 0 0 0 0 0 0 0 0 0 0 0 0 0 0 0 0 0 0 0 0 0 0 0 0 0 0 0 0 0 0 0 0 0 0 0 0 0 0 0 0 0 0 0 0 0 0 0 0 0 0 0 0 0 0 0 0 0 0 0 0 0 0 0 0 0 0 0 0 0 0 0 0 0 0 0 0 0 0 0 0 0 0 0 0 0 0 0 0 0 0 0 0 0 0 0 0 0 0 0 
0 0 0 0 0 0 0 0 0 0 0 0 0 0 0 0 0 0 0 0 0 0 0 0 0 0 0 0 0 0 0 0 0 0 0 0 0 0 0 0 0 0 0 0 0 0 0 0 0 0 0 0 0 0 0 0 0 0 0 0 0 0 0 0 0 0 0 0 0 0 0 0 0 0 0 0 0 0 0 0 0 0 0 0 0 0 0 0 0 0 0 0 0 0 0 0 0 0 0 0 
0 0 0 0 0 0 0 0 0 0 0 0 0 0 0 0 0 0 0 0 0 0 0 0 0 0 0 0 0 0 0 0 0 0 0 0 0 0 0 0 0 0 0 0 0 0 0 0 0 0 0 0 0 0 0 0 0 0 0 0 0 0 0 0 0 0 0 0 0 0 0 0 0 0 0 0 0 0 0 0 0 0 0 0 0 0 0 0 0 0 0 0 0 0 0 0 0 0 0 0 
0 0 0 0 0 0 0 0 0 0 0 0 0 0 0 0 0 0 0 0 0 0 0 0 0 0 0 0 0 0 0 0 0 0 0 0 0 0 0 0 0 0 0 0 0 0 0 0 0 0 0 0 0 0 0 0 0 0 0 0 0 0 0 0 0 0 0 0 0 0 0 0 0 0 0 0 0 0 0 0 0 0 0 0 0 0 0 0 0 0 0 0 0 0 0 0 0 0 0 0 
0 0 0 0 0 0 0 0 0 0 0 0 0 0 0 0 0 0 0 0 0 0 0 0 0 0 0 0 0 0 0 0 0 0 0 0 0 0 0 0 0 0 0 0 0 0 0 0 0 0 0 0 0 0 0 0 0 0 0 0 0 0 0 0 0 0 0 0 0 0 0 0 0 0 0 0 0 0 0 0 0 0 0 0 0 0 0 0 0 0 0 0 0 0 0 0 0 0 0 0 
0 0 0 0 0 0 0 0 0 0 0 0 0 0 0 0 0 0 0 0 0 0 0 0 0 0 0 0 0 0 0 0 0 0 0 0 0 0 0 0 0 0 0 0 0 0 0 0 0 0 0 0 0 0 0 0 0 0 0 0 0 0 0 0 0 0 0 0 0 0 0 0 0 0 0 0 0 0 0 0 0 0 0 0 0 0 0 0 0 0 0 0 0 0 0 0 0 0 0 0 
0 0 0 0 0 0 0 0 0 0 0 0 0 0 0 0 0 0 0 0 0 0 0 0 0 0 0 0 0 0 0 0 0 0 0 0 0 0 0 0 0 0 0 0 0 0 0 0 0 0 0 0 0 0 0 0 0 0 0 0 0 0 0 0 0 0 0 0 0 0 0 0 0 0 0 0 0 0 0 0 0 0 0 0 0 0 0 0 0 0 0 0 0 0 0 0 0 0 0 0 
0 0 0 0 0 0 0 0 0 0 0 0 0 0 0 0 0 0 0 0 0 0 0 0 0 0 0 0 0 0 0 0 0 0 0 0 0 0 0 0 0 0 0 0 0 0 0 0 0 0 0 0 0 0 0 0 0 0 0 0 0 0 0 0 0 0 0 0 0 0 0 0 0 0 0 0 0 0 0 0 0 0 0 0 0 0 0 0 0 0 0 0 0 0 0 0 0 0 0 0 
0 0 0 0 0 0 0 0 0 0 0 0 0 0 0 0 0 0 0 0 0 0 0 0 0 0 0 0 0 0 0 0 0 0 0 0 0 0 0 0 0 0 0 0 0 0 0 0 0 0 0 0 0 0 0 0 0 0 0 0 0 0 0 0 0 0 0 0 0 0 0 0 0 0 0 0 0 0 0 0 0 0 0 0 0 0 0 0 0 0 0 0 0 0 0 0 0 0 0 0 
0 0 0 0 0 0 0 0 0 0 0 0 0 0 0 0 0 0 0 0 0 0 0 0 0 0 0 0 0 0 0 0 0 0 0 0 0 0 0 0 0 0 0 0 0 0 0 0 0 0 0 0 0 0 0 0 0 0 0 0 0 0 0 0 0 0 0 0 0 0 0 0 0 0 0 0 0 0 0 0 0 0 0 0 0 0 0 0 0 0 0 0 0 0 0 0 0 0 0 0 
0 0 0 0 0 0 0 0 0 0 0 0 0 0 0 0 0 0 0 0 0 0 0 0 0 0 0 0 0 0 0 0 0 0 0 0 0 0 0 0 0 0 0 0 0 0 0 0 0 0 0 0 0 0 0 0 0 0 0 0 0 0 0 0 0 0 0 0 0 0 0 0 0 0 0 0 0 0 0 0 0 0 0 0 0 0 0 0 0 0 0 0 0 0 0 0 0 0 0 0 
0 0 0 0 0 0 0 0 0 0 0 0 0 0 0 0 0 0 0 0 0 0 0 0 0 0 0 0 0 0 0 0 0 0 0 0 0 0 0 0 0 0 0 0 0 0 0 0 0 0 0 0 0 0 0 0 0 0 0 0 0 0 0 0 0 0 0 0 0 0 0 0 0 0 0 0 0 0 0 0 0 0 0 0 0 0 0 0 0 0 0 0 0 0 0 0 0 0 0 0 
0 0 0 0 0 0 0 0 0 0 0 0 0 0 0 0 0 0 0 0 0 0 0 0 0 0 0 0 0 0 0 0 0 0 0 0 0 0 0 0 0 0 0 0 0 0 0 0 0 0 0 0 0 0 0 0 0 0 0 0 0 0 0 0 0 0 0 0 0 0 0 0 0 0 0 0 0 0 0 0 0 0 0 0 0 0 0 0 0 0 0 0 0 0 0 0 0 0 0 0 
0 0 0 0 0 0 0 0 0 0 0 0 0 0 0 0 0 0 0 0 0 0 0 0 0 0 0 0 0 0 0 0 0 0 0 0 0 0 0 0 0 0 0 0 0 0 0 0 0 0 0 0 0 0 0 0 0 0 0 0 0 0 0 0 0 0 0 0 0 0 0 0 0 0 0 0 0 0 0 0 0 0 0 0 0 0 0 0 0 0 0 0 0 0 0 0 0 0 0 0 
0 0 0 0 0 0 0 0 0 0 0 0 0 0 0 0 0 0 0 0 0 0 0 0 0 0 0 0 0 0 0 0 0 0 0 0 0 0 0 0 0 0 0 0 0 0 0 0 0 0 0 0 0 0 0 0 0 0 0 0 0 0 0 0 0 0 0 0 0 0 0 0 0 0 0 0 0 0 0 0 0 0 0 0 0 0 0 0 0 0 0 0 0 0 0 0 0 0 0 0 
0 0 0 0 0 0 0 0 0 0 0 0 0 0 0 0 0 0 0 0 0 0 0 0 0 0 0 0 0 0 0 0 0 0 0 0 0 0 0 0 0 0 0 0 0 0 0 0 0 0 0 0 0 0 0 0 0 0 0 0 0 0 0 0 0 0 0 0 0 0 0 0 0 0 0 0 0 0 0 0 0 0 0 0 0 0 0 0 0 0 0 0 0 0 0 0 0 0 0 0 
0 0 0 0 0 0 0 0 0 0 0 0 0 0 0 0 0 0 0 0 0 0 0 0 0 0 0 0 0 0 0 0 0 0 0 0 0 0 0 0 0 0 0 0 0 0 0 0 0 0 0 0 0 0 0 0 0 0 0 0 0 0 0 0 0 0 0 0 0 0 0 0 0 0 0 0 0 0 0 0 0 0 0 0 0 0 0 0 0 0 0 0 0 0 0 0 0 0 0 0 
0 0 0 0 0 0 0 0 0 0 0 0 0 0 0 0 0 0 0 0 0 0 0 0 0 0 0 0 0 0 0 0 0 0 0 0 0 0 0 0 0 0 0 0 0 0 0 0 0 0 0 0 0 0 0 0 0 0 0 0 0 0 0 0 0 0 0 0 0 0 0 0 0 0 0 0 0 0 0 0 0 0 0 0 0 0 0 0 0 0 0 0 0 0 0 0 0 0 0 0 
0 0 0 0 0 0 0 0 0 0 0 0 0 0 0 0 0 0 0 0 0 0 0 0 0 0 0 0 0 0 0 0 0 0 0 0 0 0 0 0 0 0 0 0 0 0 0 0 0 0 0 0 0 0 0 0 0 0 0 0 0 0 0 0 0 0 0 0 0 0 0 0 0 0 0 0 0 0 0 0 0 0 0 0 0 0 0 0 0 0 0 0 0 0 0 0 0 0 0 0 
0 0 0 0 0 0 0 0 0 0 0 0 0 0 0 0 0 0 0 0 0 0 0 0 0 0 0 0 0 0 0 0 0 0 0 0 0 0 0 0 0 0 0 0 0 0 0 0 0 0 0 0 0 0 0 0 0 0 0 0 0 0 0 0 0 0 0 0 0 0 0 0 0 0 0 0 0 0 0 0 0 0 0 0 0 0 0 0 0 0 0 0 0 0 0 0 0 0 0 0 
0 0 0 0 0 0 0 0 0 0 0 0 0 0 0 0 0 0 0 0 0 0 0 0 1308.322607 46194.12458 46531.71903 36484.97129 38465.4474 34674.42086 42891.08 40309.65722 40209.19684 43380.27444 48125.0235 41492.16019 39958.54733 42281.94224 43377.97079 37809.19928 41961.56249 44695.92619 35569.35035 39856.73957 34790.88411 36884.19871 35242.14048 45479.86169 35733.06781 40390.65943 38086.56845 38451.42472 38980.99012 38724.56641 44880.46089 39450.09275 38373.46634 40031.94717 42110.22843 34556.80886 36751.51929 38987.70735 43518.08086 38544.6607 38721.86851 40018.98049 40406.35357 42786.12642 39551.72128 39439.85582 48215.35832 45796.43058 33917.93954 37090.34474 40826.20038 294.5213125 0 0 0 0 0 0 0 0 0 0 0 0 0 0 0 0 0 0 0 0 0 0 0 0 
0 0 0 0 0 0 0 0 0 0 0 0 0 0 0 0 0 0 0 0 0 0 0 0 649.929211 72263.7986 67018.28421 66094.01892 58431.39821 50237.61636 63240.395 70793.54343 68952.45189 57002.27565 64457.80485 67908.06309 67233.25959 65831.6269 57949.81806 52810.39464 58374.46584 58844.28947 56577.72646 60232.95662 61991.61408 59387.0503 54748.78547 59807.28345 60378.85631 67793.65313 57110.99532 70066.72873 58344.39556 54859.4773 57931.51759 68523.06563 64160.14725 57354.6529 62942.59511 57113.95581 71519.29415 58497.479 55335.584 68644.94119 63591.98907 55683.64959 66829.11848 65070.46037 60328.85952 54020.43314 57259.75135 58432.78346 64966.43511 64795.51919 55591.09199 651.233742 0 0 0 0 0 0 0 0 0 0 0 0 0 0 0 0 0 0 0 0 0 0 0 0 
0 0 0 0 0 0 0 0 0 0 0 0 0 0 0 0 0 0 0 0 0 0 0 0 986.9654286 62650.56586 65579.7787 67349.83337 64558.03215 66759.71829 66472.8553 67525.37702 67326.06155 62371.18796 67501.48877 59324.64123 58684.22601 65029.10466 56382.77587 55710.17382 61030.11524 53839.81947 58297.25861 64746.97934 59527.17621 62762.72991 54018.97173 67371.52574 54905.46954 57654.56912 62987.93229 55233.91715 61615.22446 63611.9281 65453.68903 70138.32036 56572.07697 62955.68904 63516.8176 55361.12554 54175.27857 52816.50965 64413.09281 64443.06393 60752.9063 66647.53849 55729.30674 55646.56135 69434.43122 60994.307 58437.12143 58912.38148 54702.18906 71521.50111 61389.06977 971.3920881 0 0 0 0 0 0 0 0 0 0 0 0 0 0 0 0 0 0 0 0 0 0 0 0 
0 0 0 0 0 0 0 0 0 0 0 0 0 0 0 0 0 0 0 0 0 0 0 0 626.244044 62564.21846 58717.60616 61726.46796 65047.42508 67693.11393 60295.2738 53978.68921 72456.83552 62116.11341 67914.46752 60536.37579 64838.08792 58078.60894 66561.87473 62047.95197 56844.53285 69690.17821 59090.36864 70646.71929 61260.64888 56124.03076 56616.29706 64229.91217 60008.69398 59929.77126 61128.46379 57958.83592 62817.62391 59589.82342 56299.35277 65452.88381 65004.48461 59304.70119 61155.59888 67611.26967 52856.11731 61176.05517 58914.21335 56578.88473 60611.47164 63550.9798 59867.21809 55042.92306 69016.27592 55192.65256 62085.93676 56699.71834 54780.94429 53763.89427 52396.90294 686.637217 0 0 0 0 0 0 0 0 0 0 0 0 0 0 0 0 0 0 0 0 0 0 0 0 
0 0 0 0 0 0 0 0 0 0 0 0 0 0 0 0 0 0 0 0 0 0 0 0 1947.864006 64510.75412 71497.67752 61965.00119 59611.3062 66474.25548 65010.52843 65149.62573 56229.20702 59964.33843 62148.89559 64670.06055 60806.79049 59693.23404 66032.60864 68229.1524 62126.87577 58095.03293 52321.45424 58165.09995 69129.26775 56841.24684 56703.40593 59996.78122 60253.01682 64771.99866 66757.49636 63887.76162 66205.30815 65668.15465 57798.84736 62346.01728 65214.20555 56146.10408 56014.89732 56962.4652 64195.96498 60579.89823 51941.99923 60465.18302 57139.36037 60228.08964 64561.27535 57368.00495 77613.24088 52560.41838 56191.88646 58413.18719 58126.25402 56353.28537 53276.30948 641.9474276 0 0 0 0 0 0 0 0 0 0 0 0 0 0 0 0 0 0 0 0 0 0 0 0 
0 0 0 0 0 0 0 0 0 0 0 0 0 0 0 0 0 0 0 0 0 0 0 0 1946.761723 59449.36932 62088.0717 64669.64837 61750.59733 69683.20909 64505.59049 67843.91314 69598.71871 58905.478 65159.22288 68242.57402 62618.78921 63802.84558 60995.343 62538.91099 57414.21659 68724.65314 65396.00581 60776.65797 66533.09383 69613.7995 59885.6964 62793.03955 58847.95913 57903.99057 54345.77172 56076.2045 56458.11418 56546.28333 64901.52291 65179.75015 58496.72948 60739.0449 59184.58509 59653.78366 59688.47856 66767.0777 55725.58267 65096.00831 59232.76042 69751.74908 64036.82547 55103.5915 66120.9208 63384.87815 61133.61482 71305.23633 52886.90263 60864.99903 65331.65908 1311.041677 0 0 0 0 0 0 0 0 0 0 0 0 0 0 0 0 0 0 0 0 0 0 0 0 
0 0 0 0 0 0 0 0 0 0 0 0 0 0 0 0 0 0 0 0 0 0 0 0 1645.261222 61481.74172 64422.88246 58108.25161 67225.5941 62358.38469 68314.0545 62985.40631 53929.34323 67962.94531 59154.56885 59511.62921 59800.0219 59960.41284 60071.36277 57610.32752 60765.23047 68621.2556 56577.87533 65826.82877 61425.93578 53673.42743 57042.98815 63244.72505 59466.87772 62115.63197 56603.92194 55745.29793 58634.94554 55295.12674 58138.49208 54893.33907 60745.92119 60683.39209 64707.80551 62194.59061 56374.90521 58904.8357 64157.55566 62701.30021 67233.98042 66308.27923 64685.94249 60125.66505 58050.42985 62582.91429 66349.093 48278.10987 55279.21919 63917.65089 54552.27589 336.1711176 0 0 0 0 0 0 0 0 0 0 0 0 0 0 0 0 0 0 0 0 0 0 0 0 
0 0 0 0 0 0 0 0 0 0 0 0 0 0 0 0 0 0 0 0 0 0 0 0 1371.261382 56971.59125 63530.52856 61375.91082 69200.60596 57588.73982 67647.20673 59309.53286 61288.34888 65270.60653 55534.42215 65911.58755 66773.22992 62170.37069 58990.87447 64996.7501 65292.21951 64378.95185 55768.61992 56867.19146 60667.71047 54258.4508 63310.44073 57969.96331 65854.0224 63472.576 61315.73597 56288.91811 56304.00353 63208.89521 64361.28649 58319.25621 64649.85803 57168.46391 63661.27982 55319.49536 61482.1064 67208.32875 61079.07118 62768.46433 57288.49861 56111.50911 59843.09326 60534.51162 53836.43493 54740.00842 65526.5365 59432.07776 54697.79127 65547.55321 55979.42841 0.4640947836 0 0 0 0 0 0 0 0 0 0 0 0 0 0 0 0 0 0 0 0 0 0 0 0 
0 0 0 0 0 0 0 0 0 0 0 0 0 0 0 0 0 0 0 0 0 0 0 0 823.9378404 65115.94421 61235.28897 53928.3279 61794.81901 60914.56263 58815.46746 64021.32904 62890.69975 74314.39441 62957.28978 65555.54386 65511.42776 63330.47546 57004.09156 60530.93431 62464.98708 60011.74512 62861.70607 69152.71124 64652.43469 59394.48741 64064.53678 60768.50435 56805.21449 64900.1297 59887.29418 53757.16076 57257.58996 65888.1704 58687.25441 53580.3424 57837.52615 63608.93409 64433.94014 66232.29004 60042.92142 55217.43151 52829.63627 57716.08032 59740.62945 60693.32521 60111.95498 57523.01733 64109.81255 69372.92754 68461.66524 61804.64149 58727.49713 61243.12005 65660.93062 1323.789337 0 0 0 0 0 0 0 0 0 0 0 0 0 0 0 0 0 0 0 0 0 0 0 0 
0 0 0 0 0 0 0 0 0 0 0 0 0 0 0 0 0 0 0 0 0 0 0 0 1974.812724 65465.29733 63984.62998 74228.77927 67284.29034 65791.16805 60582.34538 59256.97889 60276.43576 61549.64779 57739.9357 57888.38482 63399.30335 60760.99163 65588.8134 58158.79289 69471.768 70578.68685 62248.49805 66315.78339 60197.90999 62435.6286 69312.53289 60885.27045 66569.33979 55609.70341 59738.80393 64765.66789 58857.43 57824.47325 56726.04559 63262.44999 52769.12108 55230.32862 60365.27965 59270.79184 54613.33727 65939.37837 57879.5209 56526.96054 57493.06509 55804.62928 59095.91882 57377.0473 58787.25367 60908.69014 54527.65773 62014.68316 68822.66312 57181.72062 55100.47806 1647.176958 0 0 0 0 0 0 0 0 0 0 0 0 0 0 0 0 0 0 0 0 0 0 0 0 
0 0 0 0 0 0 0 0 0 0 0 0 0 0 0 0 0 0 0 0 0 0 0 0 1767.680852 64854.43683 58064.91766 56512.52933 66672.20789 59292.20053 62897.05895 66921.43308 65347.20031 62815.62173 56850.57503 58049.54001 60162.08368 63554.68653 59430.13585 60565.29357 56416.22458 60735.03043 62772.91423 64134.77829 53840.14184 58697.58274 64515.05437 59780.83896 56231.07293 58537.69214 57601.07597 61021.27466 61930.38479 55813.30278 66321.05994 64182.10069 68379.28269 58158.464 57752.99216 58587.13046 49360.32214 54778.75036 54470.6165 58468.12711 57951.92005 69691.46471 60228.08722 62096.16972 56572.95738 59600.97292 63953.761 61251.47795 62259.15243 64624.75347 62101.36837 1004.433119 0 0 0 0 0 0 0 0 0 0 0 0 0 0 0 0 0 0 0 0 0 0 0 0 
0 0 0 0 0 0 0 0 0 0 0 0 0 0 0 0 0 0 0 0 0 0 0 0 438.1475608 53361.01301 59349.21644 58816.64235 62783.62032 65108.95171 55526.99828 70073.0832 66636.24547 54279.07086 63242.49205 61445.65174 57467.48203 65185.17631 60720.92298 56557.92056 55900.86282 58806.33505 69113.29594 62215.70239 57395.04824 64663.34587 59422.75356 63588.17093 55557.3717 65578.47218 61665.2684 59234.82914 60510.74793 61290.65549 58777.68189 66273.87033 63174.91799 58018.1073 64717.51886 60320.18791 60718.90342 62282.16962 58907.39787 59673.56644 54766.76375 65523.94835 61084.5712 68237.32058 60791.67852 58612.69486 59229.41698 53914.59692 60958.18684 59873.92612 59040.92855 353.2240425 0 0 0 0 0 0 0 0 0 0 0 0 0 0 0 0 0 0 0 0 0 0 0 0 
0 0 0 0 0 0 0 0 0 0 0 0 0 0 0 0 0 0 0 0 0 0 0 0 2252.331858 61699.97788 58875.41317 70982.36293 65809.42312 56988.66071 63170.24557 61005.61585 64775.06117 67413.25837 61643.69473 64792.76078 69919.64861 54145.15455 62670.64657 62807.90977 59431.88622 63029.13095 59367.68428 52413.20784 62632.74021 67418.34464 65477.25832 53866.23568 53837.65976 52578.12777 63220.26889 59385.40256 58748.12631 59207.97414 53379.41873 62891.65197 62497.81803 58426.91244 52377.66208 60303.2826 60348.68827 61120.62092 51487.41538 64815.86467 58257.18147 54132.46893 52888.85946 61010.33733 58579.25572 53068.95932 55971.85693 55720.03729 58739.87229 63584.69455 58445.09402 1608.796038 0 0 0 0 0 0 0 0 0 0 0 0 0 0 0 0 0 0 0 0 0 0 0 0 
0 0 0 0 0 0 0 0 0 0 0 0 0 0 0 0 0 0 0 0 0 0 0 0 1637.917239 64862.98301 63895.73622 59665.3031 64127.16998 59594.80193 56072.05976 58874.0314 65730.83816 72259.71053 62191.50032 62135.31214 53540.78378 63871.82216 60567.16506 60182.00392 64903.58001 57789.02517 61488.51333 64262.98759 58599.75642 58217.11954 53048.81551 57232.29551 54854.71308 55944.94114 57198.70713 52115.68083 52827.23857 53011.44333 56013.66861 64312.25212 59329.21953 59787.58572 54175.67132 53915.90603 59865.05083 53845.91272 60049.01605 58865.20896 61940.28813 62023.87342 54816.26601 57617.73556 60445.48249 52710.44945 58855.30584 62064.99415 62040.36777 53626.45724 53071.80516 663.2164513 0 0 0 0 0 0 0 0 0 0 0 0 0 0 0 0 0 0 0 0 0 0 0 0 
0 0 0 0 0 0 0 0 0 0 0 0 0 0 0 0 0 0 0 0 0 0 0 0 1616.242864 58941.51402 66529.20004 64121.94213 62580.44828 60475.35768 55938.73897 64113.90291 59781.0615 61670.74061 65640.57911 56259.79312 64898.58539 59639.4651 64420.5903 70977.01445 55055.62688 59871.95969 63874.58169 57405.94519 63008.82291 64946.15812 56247.86277 55561.13865 63525.89977 58666.18201 54616.46177 56860.54677 57405.91757 62648.65619 58514.56679 57020.82286 59840.15792 52052.09424 65055.75148 57581.3714 59948.0126 60213.73671 51364.353 64967.66572 66292.42981 54421.57212 60746.95198 69213.74831 54731.12222 62326.22678 54324.32276 66612.85286 59062.18007 61606.45586 62889.2758 995.9712393 0 0 0 0 0 0 0 0 0 0 0 0 0 0 0 0 0 0 0 0 0 0 0 0 
0 0 0 0 0 0 0 0 0 0 0 0 0 0 0 0 0 0 0 0 0 0 0 0 1122.676794 71637.6064 60587.34694 63395.16689 66014.79902 55485.96221 64607.53225 54657.79093 58577.87327 70054.79473 60803.14027 63948.02997 58716.17203 59492.92531 64763.83044 54120.89276 66716.06768 66453.23007 63852.35451 59410.71605 63187.73237 59983.88166 64437.86567 54031.23408 59537.36124 59204.78949 55596.64925 56657.14119 49719.72879 57427.0876 57909.85346 63692.5964 53845.42731 63367.34838 61511.50669 59593.44994 55765.89847 60872.0461 63589.83793 56257.7435 58396.00603 61357.35052 53237.86562 55224.41355 56953.8705 59593.84158 66944.35547 55804.08743 55881.97193 56872.96549 63363.36245 1997.659123 0 0 0 0 0 0 0 0 0 0 0 0 0 0 0 0 0 0 0 0 0 0 0 0 
0 0 0 0 0 0 0 0 0 0 0 0 0 0 0 0 0 0 0 0 0 0 0 0 2579.029296 65024.34576 66825.4886 57325.72837 58475.80883 59139.83648 59421.48381 60827.73252 58176.99465 63300.73052 61319.95661 62888.20828 65903.90028 67088.1174 57140.6311 60163.68361 59588.87958 61228.54783 56596.87672 63830.86017 60344.56968 50806.3444 50121.91046 56452.63898 60572.15207 56416.39206 60347.5435 59768.01441 59082.59385 60052.80543 60227.87664 53769.19323 55268.61254 60239.29587 60588.21018 57041.16267 60376.36178 59337.25623 58531.49894 67496.93433 56055.67915 52918.71189 66689.45693 64701.06777 60829.90456 57922.02515 62693.29984 56716.97915 61265.58405 56834.3803 57675.18365 981.9162807 0 0 0 0 0 0 0 0 0 0 0 0 0 0 0 0 0 0 0 0 0 0 0 0 
0 0 0 0 0 0 0 0 0 0 0 0 0 0 0 0 0 0 0 0 0 0 0 0 1358.220915 64074.69669 57495.31022 61684.95572 60784.14721 59458.2598 60687.52901 59837.88321 62072.56376 56703.73289 54760.61374 59772.62256 60543.45641 58189.16329 63043.6266 58180.56325 60767.84325 63218.52252 54531.6803 65170.56042 56683.01792 58518.00908 57719.02449 51251.77608 54348.66913 54574.30673 60602.19569 60977.04283 59009.7133 61291.40818 56319.62292 66033.11287 66747.0924 63914.02831 61715.37022 58407.74007 55226.36514 63501.34765 60817.59608 60224.41249 67967.85153 48878.09018 55132.57174 62338.95603 60637.67228 57119.32636 63399.07547 61251.3218 61972.38427 61903.57812 59831.07904 1612.484236 0 0 0 0 0 0 0 0 0 0 0 0 0 0 0 0 0 0 0 0 0 0 0 0 
0 0 0 0 0 0 0 0 0 0 0 0 0 0 0 0 0 0 0 0 0 0 0 0 1327.069398 66155.31201 61772.24504 64699.58433 67021.31284 58205.16552 60233.7963 57569.72801 67950.25628 65533.89895 59153.8526 61615.24061 60978.88092 62467.96191 58296.57698 65900.28778 50125.08012 58976.83086 59013.96564 59312.03418 57808.08958 53215.06122 55505.28944 57321.41362 67115.9165 58176.21961 57015.97447 53419.48257 55711.66878 63009.07388 59268.29513 59844.34304 56574.06392 56893.60876 53670.4999 62969.54822 57101.45404 60783.32629 52281.33579 60255.51501 64120.61377 63527.28953 58664.29221 64726.70792 60940.49043 60332.93387 61579.99636 64032.28427 58185.49808 56504.46617 63066.59485 638.8206407 0 0 0 0 0 0 0 0 0 0 0 0 0 0 0 0 0 0 0 0 0 0 0 0 
0 0 0 0 0 0 0 0 0 0 0 0 0 0 0 0 0 0 0 0 0 0 0 0 1653.264961 64213.83296 58435.85187 64110.02983 55836.28959 61410.07461 59503.18868 52915.93227 57681.20423 62671.86297 51475.03885 58666.92723 63983.82258 55186.50786 55143.16401 54404.00602 68966.35399 58398.86954 72145.82162 63863.35065 55752.44281 56988.68634 53349.65911 62554.48099 60560.54322 59030.73023 67832.49511 56093.05751 60494.05957 52705.07871 64208.89466 57964.31522 63132.40854 60803.39552 58889.12616 55393.59963 57549.77368 52265.74402 53014.63606 65461.94593 62176.91234 56094.00814 61100.93429 60034.9768 58623.84631 63206.51746 55165.85581 49930.07726 57206.56934 67887.69175 59549.59199 1036.191343 0 0 0 0 0 0 0 0 0 0 0 0 0 0 0 0 0 0 0 0 0 0 0 0 
0 0 0 0 0 0 0 0 0 0 0 0 0 0 0 0 0 0 0 0 0 0 0 0 2314.553041 59826.4611 73551.61858 70128.81874 66902.36322 64531.8697 60933.76915 62894.82026 55563.97037 65449.97183 61903.45595 60993.50344 62095.5498 59308.57008 59665.90969 60610.16602 62397.42052 57717.92177 65464.92205 65144.68935 59126.47476 48829.77772 56603.79542 65039.43702 55295.49325 59550.56582 53881.93442 58628.57757 51303.2904 63479.54862 56832.37188 58609.36497 66649.46318 62275.39969 60050.45132 57490.56226 65115.17156 52866.75303 57537.62195 58203.47384 49382.64323 64772.7573 60428.48489 57118.30878 60795.56649 59831.08227 57329.68931 57909.24884 60384.59335 61610.04791 60596.01661 2037.474536 0 0 0 0 0 0 0 0 0 0 0 0 0 0 0 0 0 0 0 0 0 0 0 0 
0 0 0 0 0 0 0 0 0 0 0 0 0 0 0 0 0 0 0 0 0 0 0 0 598.072917 60672.6082 68394.37622 59558.70455 62815.51414 62871.73715 60603.14302 62653.43882 60756.09421 55619.77045 59855.74358 61563.55937 70193.28315 63002.4724 68650.99533 57184.30492 57728.57782 56398.90686 58076.18983 67370.78684 66471.18285 62056.49197 56672.85073 59387.15595 64482.77244 56537.41026 55296.93066 62335.03915 65079.03695 58894.12143 59388.7053 60270.32528 57196.14372 56437.50182 64088.7455 52443.73576 62158.17502 55186.36867 53154.87146 61064.06796 64641.27588 64070.98986 63719.88295 62621.00924 63432.12286 65670.28861 60213.12209 55836.44213 55541.88325 63816.56048 59676.73821 2414.435911 0 0 0 0 0 0 0 0 0 0 0 0 0 0 0 0 0 0 0 0 0 0 0 0 
0 0 0 0 0 0 0 0 0 0 0 0 0 0 0 0 0 0 0 0 0 0 0 0 2944.084282 56450.54935 64339.51714 69111.82039 55942.1217 67536.28444 58961.51579 63286.28423 64277.14983 65056.79412 63932.63043 61335.83644 59002.13483 66424.59021 55895.36645 53871.72812 62211.9501 62971.18079 60784.61532 58856.59627 62467.34964 55338.34808 57292.77438 60538.08072 61250.92775 63688.25052 66545.00427 65311.19593 63957.19194 62262.35082 60668.17491 55194.13387 54723.30245 64890.38166 57677.03821 56501.84198 56049.06954 55600.0504 56830.10574 60633.57576 62620.18805 64177.51285 63218.17924 64754.52102 52176.49784 61531.7819 57897.95268 54142.75444 60185.98555 66070.52677 58760.14462 699.5874434 0 0 0 0 0 0 0 0 0 0 0 0 0 0 0 0 0 0 0 0 0 0 0 0 
0 0 0 0 0 0 0 0 0 0 0 0 0 0 0 0 0 0 0 0 0 0 0 0 971.7301934 56053.82903 60952.00098 61799.40817 59314.21165 56700.30508 67580.12271 67025.23346 61189.36303 64462.7075 65521.62554 62698.47115 63742.29876 64185.91047 49840.7476 58506.56812 61805.49516 62431.08424 54651.7138 61520.41293 45416.22242 62861.84186 53610.05384 64976.90033 62094.29217 67748.91092 63282.41105 62925.10583 63839.30385 57580.60432 68541.51569 64335.49754 64127.20308 63360.53714 54597.43207 54213.27612 57120.27845 65304.00205 70348.22448 57704.08096 57649.23384 51159.79621 59136.6785 59748.10216 59504.66085 64436.06506 53665.22048 64655.7044 57266.4872 60146.74566 60156.27294 2229.815362 0 0 0 0 0 0 0 0 0 0 0 0 0 0 0 0 0 0 0 0 0 0 0 0 
0 0 0 0 0 0 0 0 0 0 0 0 0 0 0 0 0 0 0 0 0 0 0 0 651.1995215 61603.36534 63618.05764 64512.39779 69047.43815 56326.43852 61061.02562 70230.64884 55655.41043 62528.44805 63103.92928 61662.37223 69097.81401 55155.33271 65672.4631 62929.62768 60514.17062 56615.29506 63894.11193 64557.52819 56774.83141 64143.72774 68157.67953 52760.28448 66644.97271 57639.45009 69311.79223 58313.76056 56965.66044 59186.16856 58625.56473 64363.15123 59121.51906 59407.2735 62652.77793 63114.46468 60732.03105 55218.10459 49670.82452 62888.46649 65925.18156 60223.74139 56891.67904 56618.76396 62235.57547 55865.97303 67393.59737 61565.45279 60054.90104 61218.65159 49941.54687 336.7203759 0 0 0 0 0 0 0 0 0 0 0 0 0 0 0 0 0 0 0 0 0 0 0 0 
0 0 0 0 0 0 0 0 0 0 0 0 0 0 0 0 0 0 0 0 0 0 0 0 1957.393978 58640.43071 59428.2092 60619.35415 69266.95539 61234.8459 62203.36211 65161.66992 49766.7591 60512.41942 57788.18485 64508.75292 65755.99088 62418.70509 60424.46917 57814.20849 61446.0797 68158.59271 69468.54546 61194.6511 59372.59418 55575.7622 57223.79701 59539.98598 53152.43726 57772.2175 57962.73895 54330.33083 60910.49062 68417.19672 64378.08985 62883.73577 58705.50283 57153.32446 64924.04841 62697.01639 61410.55331 65686.28494 52662.48285 63599.52283 59647.0864 57416.9354 53437.19988 60619.20001 60467.38969 60838.84898 63611.86437 52358.15764 50899.07837 54846.16144 62143.16842 639.7558411 0 0 0 0 0 0 0 0 0 0 0 0 0 0 0 0 0 0 0 0 0 0 0 0 
0 0 0 0 0 0 0 0 0 0 0 0 0 0 0 0 0 0 0 0 0 0 0 0 654.5091891 62468.49611 58430.22054 59777.42099 71492.10216 55734.66318 58392.05389 59932.91483 53074.39588 59030.49398 57629.82849 53546.57665 58511.80364 61914.88237 61484.53158 60229.67543 64373.04315 63628.03661 56015.09075 63644.90857 62657.81299 61536.24658 60215.52302 60944.19756 55468.4618 58837.13263 60445.87156 60848.3047 64308.87306 54190.61119 59782.86749 55363.04223 59876.01001 65900.44317 61614.9227 56961.81406 57273.11663 61757.51947 63683.04457 53779.54049 55611.10144 56890.92195 57838.97236 64555.89543 71161.40863 58786.6329 62287.11918 63349.78965 56662.70401 60824.12555 63298.62533 1933.308603 0 0 0 0 0 0 0 0 0 0 0 0 0 0 0 0 0 0 0 0 0 0 0 0 
0 0 0 0 0 0 0 0 0 0 0 0 0 0 0 0 0 0 0 0 0 0 0 0 1853.283947 63788.78768 66214.76824 67523.04346 65064.05882 57664.01306 65345.21698 65988.4092 57146.62544 64360.20221 62818.12367 60470.90294 68208.56155 65046.05213 57564.784 61355.9713 64019.72074 67385.17416 64138.09898 64738.86157 59447.16121 67343.38339 60907.64625 62035.47947 55131.27684 61844.58735 70339.67232 67462.15451 58427.48526 60661.3332 59415.81888 63051.59396 52572.83629 60885.04517 58406.06006 61848.42857 57563.65662 50743.80378 65458.1261 60934.23639 62480.78482 57557.1468 61025.02798 70806.5885 60837.18475 59013.37582 58827.85445 63269.95746 63775.1007 58860.36466 58856.39377 1622.717239 0 0 0 0 0 0 0 0 0 0 0 0 0 0 0 0 0 0 0 0 0 0 0 0 
0 0 0 0 0 0 0 0 0 0 0 0 0 0 0 0 0 0 0 0 0 0 0 0 980.1049993 65082.14083 61929.26997 63407.19934 67606.42996 59172.87896 67591.82888 60854.93469 62981.53069 69672.87435 61998.98667 67827.13687 67123.83725 67468.51512 63650.36078 58291.24627 64009.45845 56846.09658 66521.93 60671.23314 60025.15088 58194.62766 54409.81286 57938.78986 66357.12303 63575.78374 51597.47571 60087.60563 57176.98461 58551.73366 59795.19947 56539.19628 55599.13546 57334.48161 59604.9568 64207.82627 62320.3274 61810.27781 53221.26647 65390.25911 59321.85719 59851.66591 57055.47898 64367.59628 58833.49004 63823.74848 55728.0271 59693.19865 61569.71571 58527.1599 59676.84685 981.7349005 0 0 0 0 0 0 0 0 0 0 0 0 0 0 0 0 0 0 0 0 0 0 0 0 
0 0 0 0 0 0 0 0 0 0 0 0 0 0 0 0 0 0 0 0 0 0 0 0 0.0007208011736 62767.16631 60058.27465 60794.16259 64415.14959 67062.57106 60563.99082 63043.64518 60240.8558 58752.85234 62044.33875 60358.57225 60031.09231 61214.22998 53663.94211 65928.71344 62695.21407 64686.11486 55444.3926 62587.09662 64588.5483 71633.66717 60453.93988 65607.88783 57829.73038 60527.67922 63596.56946 62692.28155 58433.47031 57375.96264 58355.21636 56702.84009 59826.7229 57304.22181 57509.31429 58043.50524 64414.14664 62895.45935 59491.29854 60245.8203 60839.7752 53751.37353 61462.40147 56824.37222 53800.93582 64026.59471 65256.28967 62584.5324 62880.04496 60571.48112 51597.78464 969.1221182 0 0 0 0 0 0 0 0 0 0 0 0 0 0 0 0 0 0 0 0 0 0 0 0 
0 0 0 0 0 0 0 0 0 0 0 0 0 0 0 0 0 0 0 0 0 0 0 0 672.0194601 63286.46053 64158.63654 65605.20809 64838.75926 61141.55479 62478.48085 60166.39623 61689.39752 60263.25063 58997.40823 58309.42223 59922.25509 57652.05752 65826.8023 59062.93326 56035.2882 60659.01047 60639.56595 64334.43224 61264.95712 59828.56046 60747.72198 52394.23688 56246.12396 57600.4686 67857.6705 56590.74308 55183.92823 64816.59804 48444.02778 53588.89741 60959.94212 65667.80832 50178.55342 63450.02868 66288.87016 57651.81743 57340.93225 61834.4041 55034.21833 56651.07279 58538.99887 52359.35456 55874.19228 59105.54762 61985.16211 70366.01101 62327.98585 58668.42453 60057.92901 677.6346146 0 0 0 0 0 0 0 0 0 0 0 0 0 0 0 0 0 0 0 0 0 0 0 0 
0 0 0 0 0 0 0 0 0 0 0 0 0 0 0 0 0 0 0 0 0 0 0 0 615.4544427 64117.38945 58155.30943 65437.14639 56232.21183 65933.89926 65600.7207 57295.93093 66307.50754 61173.08639 60482.8692 59391.64071 65973.30322 62089.8451 58685.73316 62854.77395 55176.58422 64295.55652 62420.19529 62890.13259 55993.94411 74014.94157 62505.43222 65259.06223 70898.4688 55834.41492 64758.40722 58899.11165 61658.75203 53536.20038 60044.77318 65095.94347 61299.21288 66423.20176 65262.90193 60965.29203 61693.14472 60105.01695 61744.99475 52711.53197 60485.09221 64774.47674 63428.53286 59732.27275 57392.3504 55752.73954 61606.92021 60342.81019 65025.49179 59587.34243 67848.71613 630.8564546 0 0 0 0 0 0 0 0 0 0 0 0 0 0 0 0 0 0 0 0 0 0 0 0 
0 0 0 0 0 0 0 0 0 0 0 0 0 0 0 0 0 0 0 0 0 0 0 0 996.9009561 66412.03273 63822.42533 65302.12268 66221.7609 57815.47749 61006.84678 64659.22566 59135.39482 59615.48424 57911.28614 64825.13225 57982.80592 66763.15037 63061.4839 63353.81336 57810.46079 59667.3016 60694.51532 59714.8971 62392.82328 58838.88511 57078.42736 57516.93674 58479.13842 63269.8834 61206.58724 69944.95924 62294.3315 66459.13879 54090.84621 65164.73402 62084.50076 56928.97793 53074.01656 69535.35203 55104.03142 63242.46733 66752.17858 65085.30465 63753.99632 57231.95532 66404.78751 64094.59908 58803.17844 59415.09572 71243.3084 60385.58158 62516.57459 60075.83163 57946.04676 1163.324061 0 0 0 0 0 0 0 0 0 0 0 0 0 0 0 0 0 0 0 0 0 0 0 0 
0 0 0 0 0 0 0 0 0 0 0 0 0 0 0 0 0 0 0 0 0 0 0 0 613.2535946 41640.78022 40699.34771 52878.4579 48487.26178 42806.40023 52434.80394 43838.50715 38880.51992 44910.42688 45646.40544 34381.3285 41254.48142 39838.80607 41138.246 42406.3548 44114.79661 40844.62969 49089.69288 42695.4071 36804.69625 41277.53078 44095.93596 40247.78286 43668.96614 41274.94145 38716.01668 45711.89032 43609.07763 40311.19969 44560.98901 45616.9073 38734.55395 37200.43297 41829.55502 38099.638 36292.1927 35036.69097 44946.64332 41556.14777 44227.92112 39258.81813 36735.64706 43724.44761 43994.5815 37384.52196 36616.46129 40686.15683 37905.78254 39857.92724 37129.84219 975.091259 0 0 0 0 0 0 0 0 0 0 0 0 0 0 0 0 0 0 0 0 0 0 0 0 
0 0 0 0 0 0 0 0 0 0 0 0 0 0 0 0 0 0 0 0 0 0 0 0 0 0 0 0 0 0 0 0 0 0 0 0 0 0 0 0 0 0 0 0 0 0 0 0 0 0 0 0 0 0 0 0 0 0 0 0 0 0 0 0 0 0 0 0 0 0 0 0 0 0 0 0 0 0 0 0 0 0 0 0 0 0 0 0 0 0 0 0 0 0 0 0 0 0 0 0 
0 0 0 0 0 0 0 0 0 0 0 0 0 0 0 0 0 0 0 0 0 0 0 0 0 0 0 0 0 0 0 0 0 0 0 0 0 0 0 0 0 0 0 0 0 0 0 0 0 0 0 0 0 0 0 0 0 0 0 0 0 0 0 0 0 0 0 0 0 0 0 0 0 0 0 0 0 0 0 0 0 0 0 0 0 0 0 0 0 0 0 0 0 0 0 0 0 0 0 0 
0 0 0 0 0 0 0 0 0 0 0 0 0 0 0 0 0 0 0 0 0 0 0 0 0 0 0 0 0 0 0 0 0 0 0 0 0 0 0 0 0 0 0 0 0 0 0 0 0 0 0 0 0 0 0 0 0 0 0 0 0 0 0 0 0 0 0 0 0 0 0 0 0 0 0 0 0 0 0 0 0 0 0 0 0 0 0 0 0 0 0 0 0 0 0 0 0 0 0 0 
0 0 0 0 0 0 0 0 0 0 0 0 0 0 0 0 0 0 0 0 0 0 0 0 0 0 0 0 0 0 0 0 0 0 0 0 0 0 0 0 0 0 0 0 0 0 0 0 0 0 0 0 0 0 0 0 0 0 0 0 0 0 0 0 0 0 0 0 0 0 0 0 0 0 0 0 0 0 0 0 0 0 0 0 0 0 0 0 0 0 0 0 0 0 0 0 0 0 0 0 
0 0 0 0 0 0 0 0 0 0 0 0 0 0 0 0 0 0 0 0 0 0 0 0 0 0 0 0 0 0 0 0 0 0 0 0 0 0 0 0 0 0 0 0 0 0 0 0 0 0 0 0 0 0 0 0 0 0 0 0 0 0 0 0 0 0 0 0 0 0 0 0 0 0 0 0 0 0 0 0 0 0 0 0 0 0 0 0 0 0 0 0 0 0 0 0 0 0 0 0 
0 0 0 0 0 0 0 0 0 0 0 0 0 0 0 0 0 0 0 0 0 0 0 0 0 0 0 0 0 0 0 0 0 0 0 0 0 0 0 0 0 0 0 0 0 0 0 0 0 0 0 0 0 0 0 0 0 0 0 0 0 0 0 0 0 0 0 0 0 0 0 0 0 0 0 0 0 0 0 0 0 0 0 0 0 0 0 0 0 0 0 0 0 0 0 0 0 0 0 0 
0 0 0 0 0 0 0 0 0 0 0 0 0 0 0 0 0 0 0 0 0 0 0 0 0 0 0 0 0 0 0 0 0 0 0 0 0 0 0 0 0 0 0 0 0 0 0 0 0 0 0 0 0 0 0 0 0 0 0 0 0 0 0 0 0 0 0 0 0 0 0 0 0 0 0 0 0 0 0 0 0 0 0 0 0 0 0 0 0 0 0 0 0 0 0 0 0 0 0 0 
0 0 0 0 0 0 0 0 0 0 0 0 0 0 0 0 0 0 0 0 0 0 0 0 0 0 0 0 0 0 0 0 0 0 0 0 0 0 0 0 0 0 0 0 0 0 0 0 0 0 0 0 0 0 0 0 0 0 0 0 0 0 0 0 0 0 0 0 0 0 0 0 0 0 0 0 0 0 0 0 0 0 0 0 0 0 0 0 0 0 0 0 0 0 0 0 0 0 0 0 
0 0 0 0 0 0 0 0 0 0 0 0 0 0 0 0 0 0 0 0 0 0 0 0 0 0 0 0 0 0 0 0 0 0 0 0 0 0 0 0 0 0 0 0 0 0 0 0 0 0 0 0 0 0 0 0 0 0 0 0 0 0 0 0 0 0 0 0 0 0 0 0 0 0 0 0 0 0 0 0 0 0 0 0 0 0 0 0 0 0 0 0 0 0 0 0 0 0 0 0 
0 0 0 0 0 0 0 0 0 0 0 0 0 0 0 0 0 0 0 0 0 0 0 0 0 0 0 0 0 0 0 0 0 0 0 0 0 0 0 0 0 0 0 0 0 0 0 0 0 0 0 0 0 0 0 0 0 0 0 0 0 0 0 0 0 0 0 0 0 0 0 0 0 0 0 0 0 0 0 0 0 0 0 0 0 0 0 0 0 0 0 0 0 0 0 0 0 0 0 0 
0 0 0 0 0 0 0 0 0 0 0 0 0 0 0 0 0 0 0 0 0 0 0 0 0 0 0 0 0 0 0 0 0 0 0 0 0 0 0 0 0 0 0 0 0 0 0 0 0 0 0 0 0 0 0 0 0 0 0 0 0 0 0 0 0 0 0 0 0 0 0 0 0 0 0 0 0 0 0 0 0 0 0 0 0 0 0 0 0 0 0 0 0 0 0 0 0 0 0 0 
0 0 0 0 0 0 0 0 0 0 0 0 0 0 0 0 0 0 0 0 0 0 0 0 0 0 0 0 0 0 0 0 0 0 0 0 0 0 0 0 0 0 0 0 0 0 0 0 0 0 0 0 0 0 0 0 0 0 0 0 0 0 0 0 0 0 0 0 0 0 0 0 0 0 0 0 0 0 0 0 0 0 0 0 0 0 0 0 0 0 0 0 0 0 0 0 0 0 0 0 
0 0 0 0 0 0 0 0 0 0 0 0 0 0 0 0 0 0 0 0 0 0 0 0 0 0 0 0 0 0 0 0 0 0 0 0 0 0 0 0 0 0 0 0 0 0 0 0 0 0 0 0 0 0 0 0 0 0 0 0 0 0 0 0 0 0 0 0 0 0 0 0 0 0 0 0 0 0 0 0 0 0 0 0 0 0 0 0 0 0 0 0 0 0 0 0 0 0 0 0 
0 0 0 0 0 0 0 0 0 0 0 0 0 0 0 0 0 0 0 0 0 0 0 0 0 0 0 0 0 0 0 0 0 0 0 0 0 0 0 0 0 0 0 0 0 0 0 0 0 0 0 0 0 0 0 0 0 0 0 0 0 0 0 0 0 0 0 0 0 0 0 0 0 0 0 0 0 0 0 0 0 0 0 0 0 0 0 0 0 0 0 0 0 0 0 0 0 0 0 0 
0 0 0 0 0 0 0 0 0 0 0 0 0 0 0 0 0 0 0 0 0 0 0 0 0 0 0 0 0 0 0 0 0 0 0 0 0 0 0 0 0 0 0 0 0 0 0 0 0 0 0 0 0 0 0 0 0 0 0 0 0 0 0 0 0 0 0 0 0 0 0 0 0 0 0 0 0 0 0 0 0 0 0 0 0 0 0 0 0 0 0 0 0 0 0 0 0 0 0 0 
0 0 0 0 0 0 0 0 0 0 0 0 0 0 0 0 0 0 0 0 0 0 0 0 0 0 0 0 0 0 0 0 0 0 0 0 0 0 0 0 0 0 0 0 0 0 0 0 0 0 0 0 0 0 0 0 0 0 0 0 0 0 0 0 0 0 0 0 0 0 0 0 0 0 0 0 0 0 0 0 0 0 0 0 0 0 0 0 0 0 0 0 0 0 0 0 0 0 0 0 
0 0 0 0 0 0 0 0 0 0 0 0 0 0 0 0 0 0 0 0 0 0 0 0 0 0 0 0 0 0 0 0 0 0 0 0 0 0 0 0 0 0 0 0 0 0 0 0 0 0 0 0 0 0 0 0 0 0 0 0 0 0 0 0 0 0 0 0 0 0 0 0 0 0 0 0 0 0 0 0 0 0 0 0 0 0 0 0 0 0 0 0 0 0 0 0 0 0 0 0 
0 0 0 0 0 0 0 0 0 0 0 0 0 0 0 0 0 0 0 0 0 0 0 0 0 0 0 0 0 0 0 0 0 0 0 0 0 0 0 0 0 0 0 0 0 0 0 0 0 0 0 0 0 0 0 0 0 0 0 0 0 0 0 0 0 0 0 0 0 0 0 0 0 0 0 0 0 0 0 0 0 0 0 0 0 0 0 0 0 0 0 0 0 0 0 0 0 0 0 0 
0 0 0 0 0 0 0 0 0 0 0 0 0 0 0 0 0 0 0 0 0 0 0 0 0 0 0 0 0 0 0 0 0 0 0 0 0 0 0 0 0 0 0 0 0 0 0 0 0 0 0 0 0 0 0 0 0 0 0 0 0 0 0 0 0 0 0 0 0 0 0 0 0 0 0 0 0 0 0 0 0 0 0 0 0 0 0 0 0 0 0 0 0 0 0 0 0 0 0 0 
0 0 0 0 0 0 0 0 0 0 0 0 0 0 0 0 0 0 0 0 0 0 0 0 0 0 0 0 0 0 0 0 0 0 0 0 0 0 0 0 0 0 0 0 0 0 0 0 0 0 0 0 0 0 0 0 0 0 0 0 0 0 0 0 0 0 0 0 0 0 0 0 0 0 0 0 0 0 0 0 0 0 0 0 0 0 0 0 0 0 0 0 0 0 0 0 0 0 0 0 
0 0 0 0 0 0 0 0 0 0 0 0 0 0 0 0 0 0 0 0 0 0 0 0 0 0 0 0 0 0 0 0 0 0 0 0 0 0 0 0 0 0 0 0 0 0 0 0 0 0 0 0 0 0 0 0 0 0 0 0 0 0 0 0 0 0 0 0 0 0 0 0 0 0 0 0 0 0 0 0 0 0 0 0 0 0 0 0 0 0 0 0 0 0 0 0 0 0 0 0 
0 0 0 0 0 0 0 0 0 0 0 0 0 0 0 0 0 0 0 0 0 0 0 0 0 0 0 0 0 0 0 0 0 0 0 0 0 0 0 0 0 0 0 0 0 0 0 0 0 0 0 0 0 0 0 0 0 0 0 0 0 0 0 0 0 0 0 0 0 0 0 0 0 0 0 0 0 0 0 0 0 0 0 0 0 0 0 0 0 0 0 0 0 0 0 0 0 0 0 0 
0 0 0 0 0 0 0 0 0 0 0 0 0 0 0 0 0 0 0 0 0 0 0 0 0 0 0 0 0 0 0 0 0 0 0 0 0 0 0 0 0 0 0 0 0 0 0 0 0 0 0 0 0 0 0 0 0 0 0 0 0 0 0 0 0 0 0 0 0 0 0 0 0 0 0 0 0 0 0 0 0 0 0 0 0 0 0 0 0 0 0 0 0 0 0 0 0 0 0 0 
0 0 0 0 0 0 0 0 0 0 0 0 0 0 0 0 0 0 0 0 0 0 0 0 0 0 0 0 0 0 0 0 0 0 0 0 0 0 0 0 0 0 0 0 0 0 0 0 0 0 0 0 0 0 0 0 0 0 0 0 0 0 0 0 0 0 0 0 0 0 0 0 0 0 0 0 0 0 0 0 0 0 0 0 0 0 0 0 0 0 0 0 0 0 0 0 0 0 0 0 
0 0 0 0 0 0 0 0 0 0 0 0 0 0 0 0 0 0 0 0 0 0 0 0 0 0 0 0 0 0 0 0 0 0 0 0 0 0 0 0 0 0 0 0 0 0 0 0 0 0 0 0 0 0 0 0 0 0 0 0 0 0 0 0 0 0 0 0 0 0 0 0 0 0 0 0 0 0 0 0 0 0 0 0 0 0 0 0 0 0 0 0 0 0 0 0 0 0 0 0 
0 0 0 0 0 0 0 0 0 0 0 0 0 0 0 0 0 0 0 0 0 0 0 0 0 0 0 0 0 0 0 0 0 0 0 0 0 0 0 0 0 0 0 0 0 0 0 0 0 0 0 0 0 0 0 0 0 0 0 0 0 0 0 0 0 0 0 0 0 0 0 0 0 0 0 0 0 0 0 0 0 0 0 0 0 0 0 0 0 0 0 0 0 0 0 0 0 0 0 0 
0 0 0 0 0 0 0 0 0 0 0 0 0 0 0 0 0 0 0 0 0 0 0 0 0 0 0 0 0 0 0 0 0 0 0 0 0 0 0 0 0 0 0 0 0 0 0 0 0 0 0 0 0 0 0 0 0 0 0 0 0 0 0 0 0 0 0 0 0 0 0 0 0 0 0 0 0 0 0 0 0 0 0 0 0 0 0 0 0 0 0 0 0 0 0 0 0 0 0 0 
0 0 0 0 0 0 0 0 0 0 0 0 0 0 0 0 0 0 0 0 0 0 0 0 0 0 0 0 0 0 0 0 0 0 0 0 0 0 0 0 0 0 0 0 0 0 0 0 0 0 0 0 0 0 0 0 0 0 0 0 0 0 0 0 0 0 0 0 0 0 0 0 0 0 0 0 0 0 0 0 0 0 0 0 0 0 0 0 0 0 0 0 0 0 0 0 0 0 0 0 
0 0 0 0 0 0 0 0 0 0 0 0 0 0 0 0 0 0 0 0 0 0 0 0 0 0 0 0 0 0 0 0 0 0 0 0 0 0 0 0 0 0 0 0 0 0 0 0 0 0 0 0 0 0 0 0 0 0 0 0 0 0 0 0 0 0 0 0 0 0 0 0 0 0 0 0 0 0 0 0 0 0 0 0 0 0 0 0 0 0 0 0 0 0 0 0 0 0 0 0 
0 0 0 0 0 0 0 0 0 0 0 0 0 0 0 0 0 0 0 0 0 0 0 0 0 0 0 0 0 0 0 0 0 0 0 0 0 0 0 0 0 0 0 0 0 0 0 0 0 0 0 0 0 0 0 0 0 0 0 0 0 0 0 0 0 0 0 0 0 0 0 0 0 0 0 0 0 0 0 0 0 0 0 0 0 0 0 0 0 0 0 0 0 0 0 0 0 0 0 0 
0 0 0 0 0 0 0 0 0 0 0 0 0 0 0 0 0 0 0 0 0 0 0 0 0 0 0 0 0 0 0 0 0 0 0 0 0 0 0 0 0 0 0 0 0 0 0 0 0 0 0 0 0 0 0 0 0 0 0 0 0 0 0 0 0 0 0 0 0 0 0 0 0 0 0 0 0 0 0 0 0 0 0 0 0 0 0 0 0 0 0 0 0 0 0 0 0 0 0 0 
0 0 0 0 0 0 0 0 0 0 0 0 0 0 0 0 0 0 0 0 0 0 0 0 0 0 0 0 0 0 0 0 0 0 0 0 0 0 0 0 0 0 0 0 0 0 0 0 0 0 0 0 0 0 0 0 0 0 0 0 0 0 0 0 0 0 0 0 0 0 0 0 0 0 0 0 0 0 0 0 0 0 0 0 0 0 0 0 0 0 0 0 0 0 0 0 0 0 0 0 
0 0 0 0 0 0 0 0 0 0 0 0 0 0 0 0 0 0 0 0 0 0 0 0 0 0 0 0 0 0 0 0 0 0 0 0 0 0 0 0 0 0 0 0 0 0 0 0 0 0 0 0 0 0 0 0 0 0 0 0 0 0 0 0 0 0 0 0 0 0 0 0 0 0 0 0 0 0 0 0 0 0 0 0 0 0 0 0 0 0 0 0 0 0 0 0 0 0 0 0 
# Errors [psd3/psd3.dat] I_err:
0 0 0 0 0 0 0 0 0 0 0 0 0 0 0 0 0 0 0 0 0 0 0 0 0 0 0 0 0 0 0 0 0 0 0 0 0 0 0 0 0 0 0 0 0 0 0 0 0 0 0 0 0 0 0 0 0 0 0 0 0 0 0 0 0 0 0 0 0 0 0 0 0 0 0 0 0 0 0 0 0 0 0 0 0 0 0 0 0 0 0 0 0 0 0 0 0 0 0 0 
0 0 0 0 0 0 0 0 0 0 0 0 0 0 0 0 0 0 0 0 0 0 0 0 0 0 0 0 0 0 0 0 0 0 0 0 0 0 0 0 0 0 0 0 0 0 0 0 0 0 0 0 0 0 0 0 0 0 0 0 0 0 0 0 0 0 0 0 0 0 0 0 0 0 0 0 0 0 0 0 0 0 0 0 0 0 0 0 0 0 0 0 0 0 0 0 0 0 0 0 
0 0 0 0 0 0 0 0 0 0 0 0 0 0 0 0 0 0 0 0 0 0 0 0 0 0 0 0 0 0 0 0 0 0 0 0 0 0 0 0 0 0 0 0 0 0 0 0 0 0 0 0 0 0 0 0 0 0 0 0 0 0 0 0 0 0 0 0 0 0 0 0 0 0 0 0 0 0 0 0 0 0 0 0 0 0 0 0 0 0 0 0 0 0 0 0 0 0 0 0 
0 0 0 0 0 0 0 0 0 0 0 0 0 0 0 0 0 0 0 0 0 0 0 0 0 0 0 0 0 0 0 0 0 0 0 0 0 0 0 0 0 0 0 0 0 0 0 0 0 0 0 0 0 0 0 0 0 0 0 0 0 0 0 0 0 0 0 0 0 0 0 0 0 0 0 0 0 0 0 0 0 0 0 0 0 0 0 0 0 0 0 0 0 0 0 0 0 0 0 0 
0 0 0 0 0 0 0 0 0 0 0 0 0 0 0 0 0 0 0 0 0 0 0 0 0 0 0 0 0 0 0 0 0 0 0 0 0 0 0 0 0 0 0 0 0 0 0 0 0 0 0 0 0 0 0 0 0 0 0 0 0 0 0 0 0 0 0 0 0 0 0 0 0 0 0 0 0 0 0 0 0 0 0 0 0 0 0 0 0 0 0 0 0 0 0 0 0 0 0 0 
0 0 0 0 0 0 0 0 0 0 0 0 0 0 0 0 0 0 0 0 0 0 0 0 0 0 0 0 0 0 0 0 0 0 0 0 0 0 0 0 0 0 0 0 0 0 0 0 0 0 0 0 0 0 0 0 0 0 0 0 0 0 0 0 0 0 0 0 0 0 0 0 0 0 0 0 0 0 0 0 0 0 0 0 0 0 0 0 0 0 0 0 0 0 0 0 0 0 0 0 
0 0 0 0 0 0 0 0 0 0 0 0 0 0 0 0 0 0 0 0 0 0 0 0 0 0 0 0 0 0 0 0 0 0 0 0 0 0 0 0 0 0 0 0 0 0 0 0 0 0 0 0 0 0 0 0 0 0 0 0 0 0 0 0 0 0 0 0 0 0 0 0 0 0 0 0 0 0 0 0 0 0 0 0 0 0 0 0 0 0 0 0 0 0 0 0 0 0 0 0 
0 0 0 0 0 0 0 0 0 0 0 0 0 0 0 0 0 0 0 0 0 0 0 0 0 0 0 0 0 0 0 0 0 0 0 0 0 0 0 0 0 0 0 0 0 0 0 0 0 0 0 0 0 0 0 0 0 0 0 0 0 0 0 0 0 0 0 0 0 0 0 0 0 0 0 0 0 0 0 0 0 0 0 0 0 0 0 0 0 0 0 0 0 0 0 0 0 0 0 0 
0 0 0 0 0 0 0 0 0 0 0 0 0 0 0 0 0 0 0 0 0 0 0 0 0 0 0 0 0 0 0 0 0 0 0 0 0 0 0 0 0 0 0 0 0 0 0 0 0 0 0 0 0 0 0 0 0 0 0 0 0 0 0 0 0 0 0 0 0 0 0 0 0 0 0 0 0 0 0 0 0 0 0 0 0 0 0 0 0 0 0 0 0 0 0 0 0 0 0 0 
0 0 0 0 0 0 0 0 0 0 0 0 0 0 0 0 0 0 0 0 0 0 0 0 0 0 0 0 0 0 0 0 0 0 0 0 0 0 0 0 0 0 0 0 0 0 0 0 0 0 0 0 0 0 0 0 0 0 0 0 0 0 0 0 0 0 0 0 0 0 0 0 0 0 0 0 0 0 0 0 0 0 0 0 0 0 0 0 0 0 0 0 0 0 0 0 0 0 0 0 
0 0 0 0 0 0 0 0 0 0 0 0 0 0 0 0 0 0 0 0 0 0 0 0 0 0 0 0 0 0 0 0 0 0 0 0 0 0 0 0 0 0 0 0 0 0 0 0 0 0 0 0 0 0 0 0 0 0 0 0 0 0 0 0 0 0 0 0 0 0 0 0 0 0 0 0 0 0 0 0 0 0 0 0 0 0 0 0 0 0 0 0 0 0 0 0 0 0 0 0 
0 0 0 0 0 0 0 0 0 0 0 0 0 0 0 0 0 0 0 0 0 0 0 0 0 0 0 0 0 0 0 0 0 0 0 0 0 0 0 0 0 0 0 0 0 0 0 0 0 0 0 0 0 0 0 0 0 0 0 0 0 0 0 0 0 0 0 0 0 0 0 0 0 0 0 0 0 0 0 0 0 0 0 0 0 0 0 0 0 0 0 0 0 0 0 0 0 0 0 0 
0 0 0 0 0 0 0 0 0 0 0 0 0 0 0 0 0 0 0 0 0 0 0 0 0 0 0 0 0 0 0 0 0 0 0 0 0 0 0 0 0 0 0 0 0 0 0 0 0 0 0 0 0 0 0 0 0 0 0 0 0 0 0 0 0 0 0 0 0 0 0 0 0 0 0 0 0 0 0 0 0 0 0 0 0 0 0 0 0 0 0 0 0 0 0 0 0 0 0 0 
0 0 0 0 0 0 0 0 0 0 0 0 0 0 0 0 0 0 0 0 0 0 0 0 0 0 0 0 0 0 0 0 0 0 0 0 0 0 0 0 0 0 0 0 0 0 0 0 0 0 0 0 0 0 0 0 0 0 0 0 0 0 0 0 0 0 0 0 0 0 0 0 0 0 0 0 0 0 0 0 0 0 0 0 0 0 0 0 0 0 0 0 0 0 0 0 0 0 0 0 
0 0 0 0 0 0 0 0 0 0 0 0 0 0 0 0 0 0 0 0 0 0 0 0 0 0 0 0 0 0 0 0 0 0 0 0 0 0 0 0 0 0 0 0 0 0 0 0 0 0 0 0 0 0 0 0 0 0 0 0 0 0 0 0 0 0 0 0 0 0 0 0 0 0 0 0 0 0 0 0 0 0 0 0 0 0 0 0 0 0 0 0 0 0 0 0 0 0 0 0 
0 0 0 0 0 0 0 0 0 0 0 0 0 0 0 0 0 0 0 0 0 0 0 0 0 0 0 0 0 0 0 0 0 0 0 0 0 0 0 0 0 0 0 0 0 0 0 0 0 0 0 0 0 0 0 0 0 0 0 0 0 0 0 0 0 0 0 0 0 0 0 0 0 0 0 0 0 0 0 0 0 0 0 0 0 0 0 0 0 0 0 0 0 0 0 0 0 0 0 0 
0 0 0 0 0 0 0 0 0 0 0 0 0 0 0 0 0 0 0 0 0 0 0 0 0 0 0 0 0 0 0 0 0 0 0 0 0 0 0 0 0 0 0 0 0 0 0 0 0 0 0 0 0 0 0 0 0 0 0 0 0 0 0 0 0 0 0 0 0 0 0 0 0 0 0 0 0 0 0 0 0 0 0 0 0 0 0 0 0 0 0 0 0 0 0 0 0 0 0 0 
0 0 0 0 0 0 0 0 0 0 0 0 0 0 0 0 0 0 0 0 0 0 0 0 0 0 0 0 0 0 0 0 0 0 0 0 0 0 0 0 0 0 0 0 0 0 0 0 0 0 0 0 0 0 0 0 0 0 0 0 0 0 0 0 0 0 0 0 0 0 0 0 0 0 0 0 0 0 0 0 0 0 0 0 0 0 0 0 0 0 0 0 0 0 0 0 0 0 0 0 
0 0 0 0 0 0 0 0 0 0 0 0 0 0 0 0 0 0 0 0 0 0 0 0 0 0 0 0 0 0 0 0 0 0 0 0 0 0 0 0 0 0 0 0 0 0 0 0 0 0 0 0 0 0 0 0 0 0 0 0 0 0 0 0 0 0 0 0 0 0 0 0 0 0 0 0 0 0 0 0 0 0 0 0 0 0 0 0 0 0 0 0 0 0 0 0 0 0 0 0 
0 0 0 0 0 0 0 0 0 0 0 0 0 0 0 0 0 0 0 0 0 0 0 0 0 0 0 0 0 0 0 0 0 0 0 0 0 0 0 0 0 0 0 0 0 0 0 0 0 0 0 0 0 0 0 0 0 0 0 0 0 0 0 0 0 0 0 0 0 0 0 0 0 0 0 0 0 0 0 0 0 0 0 0 0 0 0 0 0 0 0 0 0 0 0 0 0 0 0 0 
0 0 0 0 0 0 0 0 0 0 0 0 0 0 0 0 0 0 0 0 0 0 0 0 0 0 0 0 0 0 0 0 0 0 0 0 0 0 0 0 0 0 0 0 0 0 0 0 0 0 0 0 0 0 0 0 0 0 0 0 0 0 0 0 0 0 0 0 0 0 0 0 0 0 0 0 0 0 0 0 0 0 0 0 0 0 0 0 0 0 0 0 0 0 0 0 0 0 0 0 
0 0 0 0 0 0 0 0 0 0 0 0 0 0 0 0 0 0 0 0 0 0 0 0 0 0 0 0 0 0 0 0 0 0 0 0 0 0 0 0 0 0 0 0 0 0 0 0 0 0 0 0 0 0 0 0 0 0 0 0 0 0 0 0 0 0 0 0 0 0 0 0 0 0 0 0 0 0 0 0 0 0 0 0 0 0 0 0 0 0 0 0 0 0 0 0 0 0 0 0 
0 0 0 0 0 0 0 0 0 0 0 0 0 0 0 0 0 0 0 0 0 0 0 0 0 0 0 0 0 0 0 0 0 0 0 0 0 0 0 0 0 0 0 0 0 0 0 0 0 0 0 0 0 0 0 0 0 0 0 0 0 0 0 0 0 0 0 0 0 0 0 0 0 0 0 0 0 0 0 0 0 0 0 0 0 0 0 0 0 0 0 0 0 0 0 0 0 0 0 0 
0 0 0 0 0 0 0 0 0 0 0 0 0 0 0 0 0 0 0 0 0 0 0 0 0 0 0 0 0 0 0 0 0 0 0 0 0 0 0 0 0 0 0 0 0 0 0 0 0 0 0 0 0 0 0 0 0 0 0 0 0 0 0 0 0 0 0 0 0 0 0 0 0 0 0 0 0 0 0 0 0 0 0 0 0 0 0 0 0 0 0 0 0 0 0 0 0 0 0 0 
0 0 0 0 0 0 0 0 0 0 0 0 0 0 0 0 0 0 0 0 0 0 0 0 0 0 0 0 0 0 0 0 0 0 0 0 0 0 0 0 0 0 0 0 0 0 0 0 0 0 0 0 0 0 0 0 0 0 0 0 0 0 0 0 0 0 0 0 0 0 0 0 0 0 0 0 0 0 0 0 0 0 0 0 0 0 0 0 0 0 0 0 0 0 0 0 0 0 0 0 
0 0 0 0 0 0 0 0 0 0 0 0 0 0 0 0 0 0 0 0 0 0 0 0 0 0 0 0 0 0 0 0 0 0 0 0 0 0 0 0 0 0 0 0 0 0 0 0 0 0 0 0 0 0 0 0 0 0 0 0 0 0 0 0 0 0 0 0 0 0 0 0 0 0 0 0 0 0 0 0 0 0 0 0 0 0 0 0 0 0 0 0 0 0 0 0 0 0 0 0 
0 0 0 0 0 0 0 0 0 0 0 0 0 0 0 0 0 0 0 0 0 0 0 0 0 0 0 0 0 0 0 0 0 0 0 0 0 0 0 0 0 0 0 0 0 0 0 0 0 0 0 0 0 0 0 0 0 0 0 0 0 0 0 0 0 0 0 0 0 0 0 0 0 0 0 0 0 0 0 0 0 0 0 0 0 0 0 0 0 0 0 0 0 0 0 0 0 0 0 0 
0 0 0 0 0 0 0 0 0 0 0 0 0 0 0 0 0 0 0 0 0 0 0 0 0 0 0 0 0 0 0 0 0 0 0 0 0 0 0 0 0 0 0 0 0 0 0 0 0 0 0 0 0 0 0 0 0 0 0 0 0 0 0 0 0 0 0 0 0 0 0 0 0 0 0 0 0 0 0 0 0 0 0 0 0 0 0 0 0 0 0 0 0 0 0 0 0 0 0 0 
0 0 0 0 0 0 0 0 0 0 0 0 0 0 0 0 0 0 0 0 0 0 0 0 0 0 0 0 0 0 0 0 0 0 0 0 0 0 0 0 0 0 0 0 0 0 0 0 0 0 0 0 0 0 0 0 0 0 0 0 0 0 0 0 0 0 0 0 0 0 0 0 0 0 0 0 0 0 0 0 0 0 0 0 0 0 0 0 0 0 0 0 0 0 0 0 0 0 0 0 
0 0 0 0 0 0 0 0 0 0 0 0 0 0 0 0 0 0 0 0 0 0 0 0 0 0 0 0 0 0 0 0 0 0 0 0 0 0 0 0 0 0 0 0 0 0 0 0 0 0 0 0 0 0 0 0 0 0 0 0 0 0 0 0 0 0 0 0 0 0 0 0 0 0 0 0 0 0 0 0 0 0 0 0 0 0 0 0 0 0 0 0 0 0 0 0 0 0 0 0 
0 0 0 0 0 0 0 0 0 0 0 0 0 0 0 0 0 0 0 0 0 0 0 0 0 0 0 0 0 0 0 0 0 0 0 0 0 0 0 0 0 0 0 0 0 0 0 0 0 0 0 0 0 0 0 0 0 0 0 0 0 0 0 0 0 0 0 0 0 0 0 0 0 0 0 0 0 0 0 0 0 0 0 0 0 0 0 0 0 0 0 0 0 0 0 0 0 0 0 0 
0 0 0 0 0 0 0 0 0 0 0 0 0 0 0 0 0 0 0 0 0 0 0 0 0 0 0 0 0 0 0 0 0 0 0 0 0 0 0 0 0 0 0 0 0 0 0 0 0 0 0 0 0 0 0 0 0 0 0 0 0 0 0 0 0 0 0 0 0 0 0 0 0 0 0 0 0 0 0 0 0 0 0 0 0 0 0 0 0 0 0 0 0 0 0 0 0 0 0 0 
0 0 0 0 0 0 0 0 0 0 0 0 0 0 0 0 0 0 0 0 0 0 0 0 0 0 0 0 0 0 0 0 0 0 0 0 0 0 0 0 0 0 0 0 0 0 0 0 0 0 0 0 0 0 0 0 0 0 0 0 0 0 0 0 0 0 0 0 0 0 0 0 0 0 0 0 0 0 0 0 0 0 0 0 0 0 0 0 0 0 0 0 0 0 0 0 0 0 0 0 
0 0 0 0 0 0 0 0 0 0 0 0 0 0 0 0 0 0 0 0 0 0 0 0 674.0512418 3873.638272 3886.568046 3422.678639 3515.148176 3332.211978 3727.508715 3601.275511 3598.615063 3743.808034 3927.168335 3661.287613 3580.045708 3688.85052 3729.806431 3484.541983 3686.124805 3792.53408 3382.760247 3594.583914 3331.899665 3440.836813 3354.985502 3831.412923 3388.519855 3600.005239 3485.670324 3517.644335 3554.945826 3513.311746 3793.777492 3569.441253 3514.973852 3583.827988 3698.373524 3333.694542 3434.546876 3530.196173 3753.647128 3524.548847 3520.931536 3593.267238 3617.56342 3715.764402 3574.017978 3558.773067 3955.365013 3861.045135 3283.309445 3453.316172 3622.130136 329.2770089 0 0 0 0 0 0 0 0 0 0 0 0 0 0 0 0 0 0 0 0 0 0 0 0 
0 0 0 0 0 0 0 0 0 0 0 0 0 0 0 0 0 0 0 0 0 0 0 0 479.4558382 4815.006577 4630.35474 4597.305201 4332.283285 4009.014827 4517.807006 4765.001699 4717.583005 4274.233401 4549.087743 4671.149225 4665.233492 4600.833002 4312.355395 4123.999143 4341.151794 4345.557816 4256.700017 4385.255519 4469.631837 4383.080963 4207.520898 4396.009491 4419.717372 4669.702362 4295.071389 4740.114308 4321.811093 4201.547678 4318.217819 4693.783215 4546.271181 4302.788838 4500.249301 4274.846247 4802.243259 4333.894954 4226.217833 4699.049709 4532.015319 4247.75475 4639.768846 4567.431942 4404.626095 4166.161107 4289.19371 4341.525666 4576.782013 4562.530855 4230.144295 490.3348223 0 0 0 0 0 0 0 0 0 0 0 0 0 0 0 0 0 0 0 0 0 0 0 0 
0 0 0 0 0 0 0 0 0 0 0 0 0 0 0 0 0 0 0 0 0 0 0 0 579.6457071 4496.761905 4593.307642 4658.505972 4555.170536 4629.485773 4611.654868 4670.411077 4652.704247 4481.12097 4653.180915 4370.315162 4338.806738 4567.763974 4248.943041 4235.134466 4435.92644 4160.338596 4328.068265 4548.729975 4380.234907 4511.403518 4171.831729 4648.662201 4194.884942 4309.514431 4505.50579 4209.806979 4464.821076 4536.586103 4575.509126 4739.660931 4276.209687 4488.641737 4534.694987 4233.758993 4188.034891 4135.150937 4559.71684 4550.476536 4422.888784 4630.891063 4233.330249 4232.270181 4743.082546 4437.579837 4336.859216 4356.016626 4194.75156 4792.760886 4446.640682 588.2126019 0 0 0 0 0 0 0 0 0 0 0 0 0 0 0 0 0 0 0 0 0 0 0 0 
0 0 0 0 0 0 0 0 0 0 0 0 0 0 0 0 0 0 0 0 0 0 0 0 474.9111377 4486.433227 4327.616106 4448.46022 4594.547742 4677.651365 4412.063484 4168.182863 4826.762463 4482.963279 4695.019727 4408.833326 4566.346997 4310.915961 4617.110285 4481.765828 4275.181684 4728.630134 4361.679023 4762.545016 4444.130959 4231.689368 4261.637605 4548.428393 4391.562507 4406.299594 4417.817489 4320.992011 4477.447353 4382.341391 4261.284112 4592.130768 4575.410195 4369.98611 4451.558462 4657.42688 4110.881633 4436.858273 4332.216376 4258.356653 4420.573297 4523.240788 4387.412159 4214.458361 4706.039442 4204.356071 4468.436243 4266.380685 4213.997235 4156.41191 4095.733457 485.4301807 0 0 0 0 0 0 0 0 0 0 0 0 0 0 0 0 0 0 0 0 0 0 0 0 
0 0 0 0 0 0 0 0 0 0 0 0 0 0 0 0 0 0 0 0 0 0 0 0 783.9675978 4546.80097 4786.686672 4479.467311 4367.261103 4632.46292 4575.46308 4575.665355 4260.155468 4380.582074 4465.729833 4562.109876 4412.071257 4378.140349 4614.085366 4695.77032 4466.595425 4319.095148 4102.90948 4319.397787 4724.078528 4271.428686 4269.190752 4391.813707 4397.733328 4564.085634 4636.566495 4538.09543 4610.921283 4601.326874 4315.227813 4484.665113 4578.897855 4265.847494 4238.697486 4291.037334 4558.235166 4402.199587 4092.49304 4404.645341 4302.111529 4391.908285 4559.622303 4297.082889 5019.957842 4099.120322 4257.489673 4337.964819 4331.054581 4263.869074 4133.295785 486.7813122 0 0 0 0 0 0 0 0 0 0 0 0 0 0 0 0 0 0 0 0 0 0 0 0 
0 0 0 0 0 0 0 0 0 0 0 0 0 0 0 0 0 0 0 0 0 0 0 0 812.9223822 4368.51245 4470.354908 4555.339824 4465.415648 4732.712394 4562.251204 4673.960665 4730.963639 4346.079828 4582.931141 4689.417823 4492.407874 4512.307125 4433.53972 4481.827358 4297.909151 4698.404402 4593.846474 4432.035008 4639.619289 4716.6172 4384.388485 4510.374923 4347.552202 4300.786242 4188.909901 4242.169697 4273.149227 4271.97643 4566.771008 4586.848994 4346.660229 4412.779899 4354.907275 4390.012274 4386.60126 4636.867721 4246.160758 4581.842564 4363.795381 4742.738709 4526.4128 4202.966296 4612.962977 4514.163445 4445.103583 4794.66903 4128.38816 4406.872849 4586.985793 676.1614926 0 0 0 0 0 0 0 0 0 0 0 0 0 0 0 0 0 0 0 0 0 0 0 0 
0 0 0 0 0 0 0 0 0 0 0 0 0 0 0 0 0 0 0 0 0 0 0 0 754.0704673 4452.05772 4562.940476 4336.155464 4651.459027 4485.426802 4701.806092 4489.588461 4145.803296 4688.587473 4370.73651 4368.674052 4388.14829 4376.544317 4390.625872 4303.459714 4417.611423 4699.104852 4266.967902 4604.440483 4446.816317 4162.968063 4270.055368 4523.384365 4380.993011 4480.104559 4257.905089 4228.867254 4345.543364 4191.890143 4332.113184 4203.980737 4425.744547 4425.171892 4547.692212 4473.294888 4264.806631 4345.477705 4543.886532 4494.650611 4636.942379 4634.908079 4571.419199 4395.169403 4311.156752 4474.942921 4626.92997 3945.543675 4228.558582 4549.005525 4196.806736 337.0044102 0 0 0 0 0 0 0 0 0 0 0 0 0 0 0 0 0 0 0 0 0 0 0 0 
0 0 0 0 0 0 0 0 0 0 0 0 0 0 0 0 0 0 0 0 0 0 0 0 676.7838796 4290.867554 4534.372077 4450.875596 4717.653663 4312.392754 4668.438498 4373.367711 4446.175149 4581.075505 4221.467276 4605.642204 4632.968687 4476.390835 4363.36298 4566.728977 4588.902254 4554.080129 4239.095154 4272.97625 4423.934947 4181.294481 4535.615665 4322.108844 4606.645248 4517.099533 4443.416721 4254.121885 4250.003227 4535.408099 4559.527045 4334.985396 4573.992362 4287.454683 4520.011959 4236.846194 4435.636974 4644.325221 4421.388899 4477.946683 4298.864552 4258.290799 4390.23966 4401.795671 4168.983358 4201.409917 4587.082809 4367.549024 4182.257515 4596.880007 4236.765445 0.5188737421 0 0 0 0 0 0 0 0 0 0 0 0 0 0 0 0 0 0 0 0 0 0 0 0 
0 0 0 0 0 0 0 0 0 0 0 0 0 0 0 0 0 0 0 0 0 0 0 0 501.1155937 4568.927585 4435.182083 4166.123497 4449.823386 4428.492904 4335.900097 4549.146536 4499.608018 4903.20411 4499.821783 4605.05052 4601.093501 4530.354139 4261.507114 4418.627761 4484.338111 4402.856071 4486.554716 4717.002043 4576.032036 4366.536128 4549.393795 4425.012867 4268.402778 4589.220808 4396.305295 4167.906118 4301.12588 4600.899104 4344.234505 4148.782024 4333.578594 4523.445733 4562.907996 4611.824347 4406.516836 4226.960947 4129.99452 4303.103359 4379.902542 4427.949058 4391.216378 4282.416309 4540.695514 4735.173625 4705.012714 4463.906061 4353.116346 4459.84937 4597.377942 661.4981809 0 0 0 0 0 0 0 0 0 0 0 0 0 0 0 0 0 0 0 0 0 0 0 0 
0 0 0 0 0 0 0 0 0 0 0 0 0 0 0 0 0 0 0 0 0 0 0 0 816.7387237 4578.391021 4514.309694 4883.63307 4636.252645 4613.979758 4401.788262 4350.105339 4405.108677 4447.07529 4307.155268 4318.914969 4518.958395 4420.26846 4600.091624 4322.571037 4736.279063 4765.531198 4467.258427 4599.397103 4385.644926 4476.917193 4727.258086 4420.35146 4612.160612 4233.875908 4389.882493 4551.919202 4360.602187 4322.961481 4275.946929 4523.561122 4120.818657 4223.764695 4415.436882 4380.009374 4192.149965 4599.055502 4321.214899 4268.375951 4292.915525 4232.614845 4366.147499 4302.997722 4340.498605 4430.69689 4193.72315 4458.350722 4703.577103 4297.763725 4209.866801 739.030788 0 0 0 0 0 0 0 0 0 0 0 0 0 0 0 0 0 0 0 0 0 0 0 0 
0 0 0 0 0 0 0 0 0 0 0 0 0 0 0 0 0 0 0 0 0 0 0 0 759.3327003 4562.453444 4323.416066 4264.217348 4619.13934 4358.556715 4496.745524 4648.011424 4595.993871 4505.290832 4289.466447 4325.204079 4395.438517 4518.093403 4368.017816 4423.711095 4271.522404 4440.315786 4520.339339 4525.40044 4156.928488 4348.377456 4559.413218 4386.295227 4254.126285 4341.678853 4294.495611 4421.586538 4464.602768 4235.886713 4633.716315 4547.746062 4694.474651 4318.887326 4327.509434 4334.976175 3982.923874 4199.969178 4199.981953 4349.001558 4322.189826 4740.200244 4405.760278 4468.260527 4277.422158 4388.583016 4537.507819 4449.019434 4468.636244 4541.171801 4475.753755 592.3319616 0 0 0 0 0 0 0 0 0 0 0 0 0 0 0 0 0 0 0 0 0 0 0 0 
0 0 0 0 0 0 0 0 0 0 0 0 0 0 0 0 0 0 0 0 0 0 0 0 363.2205334 4150.687294 4363.551013 4346.478399 4476.820376 4569.130686 4229.251519 4765.745998 4622.581329 4188.300458 4520.439999 4445.152382 4287.264272 4585.375008 4410.687987 4265.523302 4242.522048 4351.863081 4697.814471 4468.881257 4312.895904 4564.671351 4363.680389 4524.710123 4219.607818 4592.77284 4449.981231 4368.259057 4409.204222 4438.117412 4358.315743 4612.497304 4524.753223 4315.065331 4574.513953 4400.22018 4423.948326 4463.60244 4361.851228 4388.265845 4194.318548 4593.468132 4429.659503 4690.835748 4431.924048 4327.445347 4378.075921 4168.851143 4439.486393 4400.485891 4361.525276 360.0461978 0 0 0 0 0 0 0 0 0 0 0 0 0 0 0 0 0 0 0 0 0 0 0 0 
0 0 0 0 0 0 0 0 0 0 0 0 0 0 0 0 0 0 0 0 0 0 0 0 861.0968451 4463.367666 4349.345329 4784.628621 4602.484217 4290.454478 4506.957991 4437.776107 4571.55299 4673.619442 4452.156395 4563.853962 4741.008041 4171.524762 4486.971046 4505.726793 4377.048474 4507.874417 4363.97413 4097.684628 4478.255948 4666.156956 4603.356315 4156.196449 4175.426349 4127.664631 4513.828773 4384.007227 4354.341031 4362.314282 4146.338791 4494.808969 4483.122474 4344.008021 4113.649483 4410.713282 4391.346741 4434.271005 4079.314604 4566.511568 4337.488256 4178.72636 4106.056801 4420.02094 4330.465374 4143.382534 4241.946847 4239.378302 4359.641259 4522.793386 4339.957146 739.1089701 0 0 0 0 0 0 0 0 0 0 0 0 0 0 0 0 0 0 0 0 0 0 0 0 
0 0 0 0 0 0 0 0 0 0 0 0 0 0 0 0 0 0 0 0 0 0 0 0 752.9410834 4554.97046 4540.513125 4382.026391 4544.108207 4378.726248 4238.935161 4352.6765 4589.434749 4818.026098 4476.917085 4478.951908 4161.282382 4541.798464 4423.424832 4391.573209 4572.397222 4310.745917 4456.032663 4552.696664 4340.033738 4305.789873 4134.323721 4286.469681 4201.874915 4254.405991 4281.7468 4114.223126 4123.682207 4128.49434 4239.682117 4548.658261 4371.599873 4399.713487 4154.7851 4171.29993 4397.784742 4142.522585 4402.456457 4355.988782 4469.511012 4461.541359 4203.601205 4312.87954 4411.956068 4122.879974 4345.864693 4476.153063 4470.071217 4159.955434 4135.595366 495.7156956 0 0 0 0 0 0 0 0 0 0 0 0 0 0 0 0 0 0 0 0 0 0 0 0 
0 0 0 0 0 0 0 0 0 0 0 0 0 0 0 0 0 0 0 0 0 0 0 0 743.0171496 4357.141827 4638.218687 4555.485738 4493.723352 4429.897445 4252.496433 4541.375683 4383.698509 4461.394698 4591.247141 4251.421307 4581.614331 4381.111275 4555.860173 4779.304995 4216.19991 4371.605425 4531.579431 4298.206239 4491.244886 4574.509011 4241.530735 4222.881364 4520.2249 4343.459902 4196.764866 4289.134038 4296.387577 4494.212841 4329.488526 4279.505477 4389.650722 4079.077589 4585.732636 4291.673075 4404.506999 4401.526069 4063.123204 4556.670834 4645.124009 4193.440759 4408.231857 4705.984539 4193.876481 4474.729456 4198.371385 4634.904114 4354.612235 4456.452739 4509.401795 591.8029844 0 0 0 0 0 0 0 0 0 0 0 0 0 0 0 0 0 0 0 0 0 0 0 0 
0 0 0 0 0 0 0 0 0 0 0 0 0 0 0 0 0 0 0 0 0 0 0 0 609.6136962 4806.674645 4406.906198 4520.751531 4614.330953 4207.299169 4555.984665 4202.303055 4343.832291 4742.500451 4422.202695 4535.198458 4338.537385 4367.050043 4558.43757 4165.0897 4647.913387 4632.364034 4528.32587 4363.358976 4516.676454 4410.293503 4551.175149 4160.450818 4383.010233 4365.101602 4221.983808 4272.644106 4007.446827 4311.059366 4311.380661 4533.601808 4158.577852 4536.013925 4470.032928 4370.259381 4240.859683 4435.857519 4534.958279 4243.997634 4337.671993 4443.990831 4138.640069 4225.507744 4302.880113 4386.170101 4644.875806 4240.844321 4247.458064 4291.989493 4517.379667 828.2123934 0 0 0 0 0 0 0 0 0 0 0 0 0 0 0 0 0 0 0 0 0 0 0 0 
0 0 0 0 0 0 0 0 0 0 0 0 0 0 0 0 0 0 0 0 0 0 0 0 918.7899573 4555.269021 4642.088361 4290.297245 4339.430341 4368.733188 4373.550947 4417.965625 4335.005086 4512.573712 4447.459732 4514.307012 4620.340128 4643.49578 4296.207274 4395.866509 4368.581573 4436.918668 4257.490889 4529.147071 4403.029315 4036.103635 4024.260022 4258.75195 4397.082146 4277.19202 4395.968419 4377.966059 4373.852946 4384.911571 4383.79324 4163.185855 4225.098403 4413.243801 4416.7735 4286.153392 4413.384356 4352.009747 4328.705584 4667.669154 4256.118807 4127.335615 4650.785276 4558.111559 4432.676799 4309.789431 4495.300077 4279.165381 4455.104389 4272.344595 4304.22237 591.4729856 0 0 0 0 0 0 0 0 0 0 0 0 0 0 0 0 0 0 0 0 0 0 0 0 
0 0 0 0 0 0 0 0 0 0 0 0 0 0 0 0 0 0 0 0 0 0 0 0 679.8691898 4540.941597 4308.480769 4464.764884 4419.463403 4363.123862 4412.186217 4386.941522 4469.456673 4275.942354 4200.353565 4399.82342 4404.460211 4309.712605 4494.105492 4338.147686 4411.483417 4511.639422 4198.531547 4586.880068 4266.564931 4345.314991 4312.675278 4062.447419 4162.953447 4206.685063 4412.10009 4406.026435 4342.382872 4460.099292 4257.362789 4624.516968 4631.448939 4540.34559 4463.090524 4336.948801 4220.754932 4524.884421 4429.470654 4402.345268 4673.38109 3962.976529 4219.025373 4472.839559 4422.17494 4293.525392 4531.7162 4447.524267 4471.788142 4460.984931 4380.196807 738.5888932 0 0 0 0 0 0 0 0 0 0 0 0 0 0 0 0 0 0 0 0 0 0 0 0 
0 0 0 0 0 0 0 0 0 0 0 0 0 0 0 0 0 0 0 0 0 0 0 0 685.2243242 4601.475942 4455.204693 4562.877733 4640.793975 4338.815334 4383.468852 4307.527772 4671.210601 4579.10409 4358.183432 4441.990388 4431.057027 4486.024197 4331.355104 4595.38951 4007.049887 4353.27818 4355.975847 4374.323759 4299.146001 4131.538794 4215.161129 4295.899563 4634.709924 4311.982718 4284.848125 4144.513079 4232.456022 4518.504724 4366.78801 4393.834534 4278.402234 4289.947375 4161.681239 4513.318572 4282.628633 4436.039772 4104.155626 4424.448532 4539.87511 4493.747103 4351.44627 4568.522852 4414.653639 4397.00457 4449.490004 4554.086332 4333.995974 4261.300196 4503.43927 481.2911825 0 0 0 0 0 0 0 0 0 0 0 0 0 0 0 0 0 0 0 0 0 0 0 0 
0 0 0 0 0 0 0 0 0 0 0 0 0 0 0 0 0 0 0 0 0 0 0 0 754.3762907 4547.340006 4329.100002 4553.538727 4232.33783 4448.8179 4362.226362 4122.021391 4305.644879 4467.924793 4055.093324 4360.349173 4535.630391 4201.517077 4218.186585 4194.498691 4730.059689 4328.08615 4827.553782 4534.831621 4230.007225 4292.729306 4150.050662 4486.14621 4402.111144 4354.102273 4678.166815 4237.022743 4426.839199 4124.17335 4546.769449 4329.647252 4491.778416 4421.700907 4351.891654 4223.869763 4299.750288 4088.939201 4133.578536 4586.558197 4478.28225 4263.689003 4439.487624 4392.378593 4347.811993 4520.949651 4211.834717 4018.663891 4287.057096 4668.037216 4383.958782 589.4881671 0 0 0 0 0 0 0 0 0 0 0 0 0 0 0 0 0 0 0 0 0 0 0 0 
0 0 0 0 0 0 0 0 0 0 0 0 0 0 0 0 0 0 0 0 0 0 0 0 890.8786526 4397.68418 4861.679934 4756.517379 4635.626297 4555.549602 4413.89313 4498.577537 4220.024042 4588.243702 4451.250747 4424.783691 4458.499687 4367.587471 4383.103579 4413.093714 4480.777645 4302.016983 4586.24753 4579.029574 4358.847887 3957.044381 4248.512648 4576.11139 4215.159815 4376.996689 4167.359579 4336.885424 4056.11122 4499.649957 4272.688575 4363.970968 4643.756487 4461.759615 4389.379667 4301.620956 4570.675489 4136.717557 4297.78725 4331.019487 3978.616749 4573.716085 4403.132533 4294.079151 4415.937342 4390.294343 4283.061209 4329.764639 4403.347652 4451.983222 4403.420564 819.9787896 0 0 0 0 0 0 0 0 0 0 0 0 0 0 0 0 0 0 0 0 0 0 0 0 
0 0 0 0 0 0 0 0 0 0 0 0 0 0 0 0 0 0 0 0 0 0 0 0 436.1909334 4411.001475 4686.731347 4387.171285 4494.508722 4501.036652 4416.574548 4491.660743 4415.608893 4226.612761 4398.990739 4466.501885 4764.822457 4501.708393 4696.293694 4288.424142 4329.118747 4272.894257 4329.854411 4665.511659 4624.140139 4459.776827 4278.846109 4372.708379 4546.02049 4257.920622 4214.130812 4471.948385 4583.86421 4349.815495 4372.076785 4405.636738 4284.876902 4274.248862 4543.148741 4104.077327 4479.941938 4218.743008 4137.801601 4432.936195 4560.808222 4552.258479 4528.239922 4497.559573 4523.434912 4590.856662 4397.35999 4249.67844 4231.223339 4529.63051 4379.080667 888.0170648 0 0 0 0 0 0 0 0 0 0 0 0 0 0 0 0 0 0 0 0 0 0 0 0 
0 0 0 0 0 0 0 0 0 0 0 0 0 0 0 0 0 0 0 0 0 0 0 0 995.878441 4251.297633 4558.808045 4711.036463 4231.465578 4663.524265 4353.414768 4518.139152 4547.284202 4580.439506 4529.503167 4441.360782 4351.703279 4614.807554 4232.524405 4162.304335 4477.779537 4512.619363 4414.661045 4345.409933 4496.056926 4210.979209 4287.577793 4397.973751 4436.741098 4539.560973 4629.545522 4581.877202 4557.168186 4481.612488 4407.75547 4222.467712 4197.00169 4580.022492 4319.276672 4275.391847 4243.862133 4220.600451 4275.271872 4406.137099 4494.176528 4533.691533 4521.623339 4566.036432 4094.900157 4454.581203 4318.315696 4183.630932 4403.022825 4618.055307 4345.126888 475.1231663 0 0 0 0 0 0 0 0 0 0 0 0 0 0 0 0 0 0 0 0 0 0 0 0 
0 0 0 0 0 0 0 0 0 0 0 0 0 0 0 0 0 0 0 0 0 0 0 0 574.1859703 4250.409474 4428.683938 4451.187279 4368.81701 4260.471278 4652.388666 4636.996061 4424.749275 4564.650083 4586.59949 4490.720349 4537.382874 4553.20266 3994.322416 4342.688323 4452.279052 4490.165709 4191.443094 4456.138642 3806.447966 4496.543042 4148.628689 4561.868352 4481.608353 4673.816088 4513.459272 4499.876092 4535.99417 4294.461939 4706.01035 4557.231737 4532.426765 4510.841761 4181.863351 4173.363433 4303.368939 4590.196778 4755.065925 4311.697623 4298.268855 4067.389639 4352.846969 4387.037948 4369.004713 4554.695245 4151.677293 4583.461493 4301.383603 4401.408308 4408.037244 861.2484922 0 0 0 0 0 0 0 0 0 0 0 0 0 0 0 0 0 0 0 0 0 0 0 0 
0 0 0 0 0 0 0 0 0 0 0 0 0 0 0 0 0 0 0 0 0 0 0 0 497.5003707 4456.181081 4526.080525 4552.1154 4719.518859 4246.728565 4430.489227 4721.822171 4240.864997 4473.426039 4497.880388 4449.629869 4721.50753 4217.481186 4604.506716 4500.708543 4412.091892 4259.148516 4535.91639 4572.170029 4272.439619 4532.795695 4683.368193 4123.050686 4636.274782 4312.381767 4724.477696 4342.458376 4286.340613 4373.105428 4349.669282 4560.54879 4350.999962 4379.122916 4493.06749 4514.331798 4420.817797 4224.231794 3992.034502 4493.184165 4623.486123 4394.848218 4271.322486 4258.097596 4471.611812 4253.069221 4653.964713 4446.371582 4400.629001 4455.169084 4007.765879 355.8234199 0 0 0 0 0 0 0 0 0 0 0 0 0 0 0 0 0 0 0 0 0 0 0 0 
0 0 0 0 0 0 0 0 0 0 0 0 0 0 0 0 0 0 0 0 0 0 0 0 809.1924623 4346.010776 4383.638176 4412.958913 4726.415199 4435.658983 4477.711473 4588.556557 3972.209678 4406.115239 4317.678518 4553.972528 4603.35872 4480.489995 4408.746266 4307.048296 4447.809927 4693.180376 4735.226273 4437.018061 4372.04914 4221.458176 4284.332479 4390.261908 4144.10612 4318.307457 4328.735127 4183.275983 4421.567823 4691.119116 4547.27002 4498.605336 4345.729972 4306.903749 4580.51108 4502.806837 4452.365934 4597.404233 4112.100036 4530.179118 4383.349496 4298.939949 4138.198328 4423.950099 4412.885675 4417.003036 4508.807453 4104.392031 4042.311433 4200.51202 4478.090864 478.5405411 0 0 0 0 0 0 0 0 0 0 0 0 0 0 0 0 0 0 0 0 0 0 0 0 
0 0 0 0 0 0 0 0 0 0 0 0 0 0 0 0 0 0 0 0 0 0 0 0 496.411714 4485.696875 4320.574467 4381.094248 4813.414622 4234.487867 4330.334008 4383.609453 4148.150871 4357.032201 4312.894923 4149.150429 4335.61152 4468.047822 4446.960387 4412.796586 4558.529747 4532.716609 4239.142745 4529.824137 4487.849956 4455.296537 4402.555196 4428.263788 4222.34195 4355.038538 4413.728179 4431.374129 4551.349591 4189.961857 4402.696166 4232.135292 4403.670126 4608.80711 4473.230209 4284.416549 4303.11563 4477.262837 4522.233071 4161.221859 4217.534769 4270.805585 4313.510304 4549.715389 4770.792027 4329.001467 4474.055881 4514.828393 4282.707232 4419.33823 4508.741384 806.6439265 0 0 0 0 0 0 0 0 0 0 0 0 0 0 0 0 0 0 0 0 0 0 0 0 
0 0 0 0 0 0 0 0 0 0 0 0 0 0 0 0 0 0 0 0 0 0 0 0 769.6678586 4542.495153 4621.909572 4659.280613 4568.479487 4312.561625 4577.151819 4602.502797 4285.770716 4551.67893 4484.725206 4422.895035 4679.039152 4583.325674 4302.807865 4445.903272 4536.270279 4659.559115 4547.888716 4562.807017 4371.76941 4655.54922 4421.550173 4466.372849 4182.384548 4463.805105 4765.805526 4672.000857 4349.63543 4422.480989 4382.643741 4511.057899 4110.544655 4432.203794 4337.297595 4463.548904 4297.475922 4027.009477 4596.32966 4436.917262 4477.714613 4295.857244 4434.241959 4764.996294 4421.457366 4367.926814 4347.406346 4521.373416 4521.246512 4363.458541 4350.182454 745.7471005 0 0 0 0 0 0 0 0 0 0 0 0 0 0 0 0 0 0 0 0 0 0 0 0 
0 0 0 0 0 0 0 0 0 0 0 0 0 0 0 0 0 0 0 0 0 0 0 0 592.2097708 4582.661382 4460.840254 4526.426258 4671.814855 4355.039833 4667.987472 4415.826848 4491.812949 4744.012437 4458.217864 4686.285248 4665.083573 4667.950253 4524.643686 4331.687806 4538.913065 4258.082402 4628.994907 4402.666918 4396.174219 4337.563521 4182.796619 4331.198817 4626.712207 4514.620218 4089.855813 4388.43938 4285.141263 4346.729414 4374.670889 4262.305165 4236.828638 4296.762307 4383.778979 4543.185413 4474.70952 4455.11239 4142.57708 4590.947628 4372.051829 4392.898591 4273.879209 4536.952294 4364.196053 4519.226743 4240.028417 4385.22442 4449.180506 4335.122967 4389.638644 585.0042127 0 0 0 0 0 0 0 0 0 0 0 0 0 0 0 0 0 0 0 0 0 0 0 0 
0 0 0 0 0 0 0 0 0 0 0 0 0 0 0 0 0 0 0 0 0 0 0 0 0.0007663212806 4496.862115 4403.355379 4434.985923 4552.345046 4647.802464 4422.672266 4497.79069 4390.018483 4341.535012 4458.625973 4396.959548 4379.754232 4433.912758 4161.99517 4611.681934 4503.407703 4570.301866 4228.191118 4482.316944 4555.703181 4799.927703 4417.932253 4581.484488 4309.617579 4406.22593 4525.666679 4499.261399 4322.917175 4303.54965 4334.869557 4259.662902 4410.571471 4305.386546 4303.362906 4327.262379 4566.756895 4495.210736 4380.072548 4401.809057 4436.779346 4164.993562 4451.501064 4274.165801 4152.761649 4542.109656 4588.354704 4496.379977 4498.676267 4417.156892 4080.203119 586.8415766 0 0 0 0 0 0 0 0 0 0 0 0 0 0 0 0 0 0 0 0 0 0 0 0 
0 0 0 0 0 0 0 0 0 0 0 0 0 0 0 0 0 0 0 0 0 0 0 0 505.0519278 4518.881881 4543.262951 4577.607974 4578.097897 4433.978726 4474.684135 4402.009212 4463.992167 4405.628605 4356.8031 4328.602196 4408.249019 4290.969554 4615.056056 4335.36086 4240.415352 4425.219822 4420.095662 4564.56988 4441.959434 4402.732236 4422.157301 4104.240881 4259.446176 4304.143735 4680.485941 4263.688558 4208.353371 4576.705671 3954.083021 4153.117118 4439.509907 4597.293755 4028.772494 4537.325649 4625.520763 4308.615312 4289.734565 4482.526107 4207.4969 4268.517872 4348.561728 4108.144844 4247.242094 4369.182789 4466.500333 4759.19348 4486.753729 4335.680562 4404.854459 491.0162932 0 0 0 0 0 0 0 0 0 0 0 0 0 0 0 0 0 0 0 0 0 0 0 0 
0 0 0 0 0 0 0 0 0 0 0 0 0 0 0 0 0 0 0 0 0 0 0 0 471.322728 4545.632112 4338.089972 4588.262804 4263.933517 4608.562293 4597.884217 4288.010554 4630.524689 4422.17983 4402.147596 4384.696778 4608.047582 4487.353742 4339.368535 4485.172705 4225.079928 4545.577812 4495.221274 4501.13728 4240.603393 4887.699542 4498.649245 4569.828382 4772.92257 4229.672679 4565.987602 4364.948577 4453.435501 4156.646913 4396.148817 4579.552239 4441.49231 4627.304874 4566.07132 4437.418519 4455.19142 4407.234245 4460.46394 4090.870598 4397.652644 4571.722166 4521.719612 4392.098041 4296.160807 4234.999512 4436.950539 4404.124599 4574.653359 4381.508875 4664.110959 471.6339941 0 0 0 0 0 0 0 0 0 0 0 0 0 0 0 0 0 0 0 0 0 0 0 0 
0 0 0 0 0 0 0 0 0 0 0 0 0 0 0 0 0 0 0 0 0 0 0 0 588.1539093 4628.503623 4543.511448 4587.455802 4612.679312 4294.467292 4423.068267 4570.738092 4351.981553 4377.828615 4297.863548 4577.111801 4329.990913 4625.708338 4512.346945 4531.330932 4319.911904 4395.99086 4433.310913 4376.552689 4475.345504 4348.72178 4282.495789 4306.343235 4324.786059 4503.354746 4433.463121 4750.336132 4478.821601 4622.739718 4178.376672 4570.405453 4481.694639 4260.122334 4139.127494 4738.868912 4215.014943 4516.857741 4645.340286 4560.420215 4521.785987 4288.092129 4613.29699 4538.485553 4355.720393 4384.489849 4788.907904 4403.999845 4469.547409 4382.824208 4318.024272 613.7850522 0 0 0 0 0 0 0 0 0 0 0 0 0 0 0 0 0 0 0 0 0 0 0 0 
0 0 0 0 0 0 0 0 0 0 0 0 0 0 0 0 0 0 0 0 0 0 0 0 456.3271802 3653.672422 3614.088972 4133.24594 3965.67739 3729.570189 4099.709687 3743.965735 3538.598554 3799.785938 3833.017596 3316.927542 3638.485725 3593.455551 3635.215753 3703.896454 3770.196936 3619.606406 3990.993389 3722.987235 3437.801521 3644.750588 3757.537842 3621.772969 3765.835083 3643.106006 3524.645171 3842.373206 3756.251941 3611.546118 3787.223447 3829.705135 3526.835018 3469.828577 3667.304372 3511.060248 3419.64613 3375.993627 3804.995176 3652.228518 3763.126872 3549.376934 3447.948551 3752.688756 3764.182897 3468.586968 3433.695015 3617.394421 3499.115239 3584.022503 3448.112705 586.0076711 0 0 0 0 0 0 0 0 0 0 0 0 0 0 0 0 0 0 0 0 0 0 0 0 
0 0 0 0 0 0 0 0 0 0 0 0 0 0 0 0 0 0 0 0 0 0 0 0 0 0 0 0 0 0 0 0 0 0 0 0 0 0 0 0 0 0 0 0 0 0 0 0 0 0 0 0 0 0 0 0 0 0 0 0 0 0 0 0 0 0 0 0 0 0 0 0 0 0 0 0 0 0 0 0 0 0 0 0 0 0 0 0 0 0 0 0 0 0 0 0 0 0 0 0 
0 0 0 0 0 0 0 0 0 0 0 0 0 0 0 0 0 0 0 0 0 0 0 0 0 0 0 0 0 0 0 0 0 0 0 0 0 0 0 0 0 0 0 0 0 0 0 0 0 0 0 0 0 0 0 0 0 0 0 0 0 0 0 0 0 0 0 0 0 0 0 0 0 0 0 0 0 0 0 0 0 0 0 0 0 0 0 0 0 0 0 0 0 0 0 0 0 0 0 0 
0 0 0 0 0 0 0 0 0 0 0 0 0 0 0 0 0 0 0 0 0 0 0 0 0 0 0 0 0 0 0 0 0 0 0 0 0 0 0 0 0 0 0 0 0 0 0 0 0 0 0 0 0 0 0 0 0 0 0 0 0 0 0 0 0 0 0 0 0 0 0 0 0 0 0 0 0 0 0 0 0 0 0 0 0 0 0 0 0 0 0 0 0 0 0 0 0 0 0 0 
0 0 0 0 0 0 0 0 0 0 0 0 0 0 0 0 0 0 0 0 0 0 0 0 0 0 0 0 0 0 0 0 0 0 0 0 0 0 0 0 0 0 0 0 0 0 0 0 0 0 0 0 0 0 0 0 0 0 0 0 0 0 0 0 0 0 0 0 0 0 0 0 0 0 0 0 0 0 0 0 0 0 0 0 0 0 0 0 0 0 0 0 0 0 0 0 0 0 0 0 
0 0 0 0 0 0 0 0 0 0 0 0 0 0 0 0 0 0 0 0 0 0 0 0 0 0 0 0 0 0 0 0 0 0 0 0 0 0 0 0 0 0 0 0 0 0 0 0 0 0 0 0 0 0 0 0 0 0 0 0 0 0 0 0 0 0 0 0 0 0 0 0 0 0 0 0 0 0 0 0 0 0 0 0 0 0 0 0 0 0 0 0 0 0 0 0 0 0 0 0 
0 0 0 0 0 0 0 0 0 0 0 0 0 0 0 0 0 0 0 0 0 0 0 0 0 0 0 0 0 0 0 0 0 0 0 0 0 0 0 0 0 0 0 0 0 0 0 0 0 0 0 0 0 0 0 0 0 0 0 0 0 0 0 0 0 0 0 0 0 0 0 0 0 0 0 0 0 0 0 0 0 0 0 0 0 0 0 0 0 0 0 0 0 0 0 0 0 0 0 0 
0 0 0 0 0 0 0 0 0 0 0 0 0 0 0 0 0 0 0 0 0 0 0 0 0 0 0 0 0 0 0 0 0 0 0 0 0 0 0 0 0 0 0 0 0 0 0 0 0 0 0 0 0 0 0 0 0 0 0 0 0 0 0 0 0 0 0 0 0 0 0 0 0 0 0 0 0 0 0 0 0 0 0 0 0 0 0 0 0 0 0 0 0 0 0 0 0 0 0 0 
0 0 0 0 0 0 0 0 0 0 0 0 0 0 0 0 0 0 0 0 0 0 0 0 0 0 0 0 0 0 0 0 0 0 0 0 0 0 0 0 0 0 0 0 0 0 0 0 0 0 0 0 0 0 0 0 0 0 0 0 0 0 0 0 0 0 0 0 0 0 0 0 0 0 0 0 0 0 0 0 0 0 0 0 0 0 0 0 0 0 0 0 0 0 0 0 0 0 0 0 
0 0 0 0 0 0 0 0 0 0 0 0 0 0 0 0 0 0 0 0 0 0 0 0 0 0 0 0 0 0 0 0 0 0 0 0 0 0 0 0 0 0 0 0 0 0 0 0 0 0 0 0 0 0 0 0 0 0 0 0 0 0 0 0 0 0 0 0 0 0 0 0 0 0 0 0 0 0 0 0 0 0 0 0 0 0 0 0 0 0 0 0 0 0 0 0 0 0 0 0 
0 0 0 0 0 0 0 0 0 0 0 0 0 0 0 0 0 0 0 0 0 0 0 0 0 0 0 0 0 0 0 0 0 0 0 0 0 0 0 0 0 0 0 0 0 0 0 0 0 0 0 0 0 0 0 0 0 0 0 0 0 0 0 0 0 0 0 0 0 0 0 0 0 0 0 0 0 0 0 0 0 0 0 0 0 0 0 0 0 0 0 0 0 0 0 0 0 0 0 0 
0 0 0 0 0 0 0 0 0 0 0 0 0 0 0 0 0 0 0 0 0 0 0 0 0 0 0 0 0 0 0 0 0 0 0 0 0 0 0 0 0 0 0 0 0 0 0 0 0 0 0 0 0 0 0 0 0 0 0 0 0 0 0 0 0 0 0 0 0 0 0 0 0 0 0 0 0 0 0 0 0 0 0 0 0 0 0 0 0 0 0 0 0 0 0 0 0 0 0 0 
0 0 0 0 0 0 0 0 0 0 0 0 0 0 0 0 0 0 0 0 0 0 0 0 0 0 0 0 0 0 0 0 0 0 0 0 0 0 0 0 0 0 0 0 0 0 0 0 0 0 0 0 0 0 0 0 0 0 0 0 0 0 0 0 0 0 0 0 0 0 0 0 0 0 0 0 0 0 0 0 0 0 0 0 0 0 0 0 0 0 0 0 0 0 0 0 0 0 0 0 
0 0 0 0 0 0 0 0 0 0 0 0 0 0 0 0 0 0 0 0 0 0 0 0 0 0 0 0 0 0 0 0 0 0 0 0 0 0 0 0 0 0 0 0 0 0 0 0 0 0 0 0 0 0 0 0 0 0 0 0 0 0 0 0 0 0 0 0 0 0 0 0 0 0 0 0 0 0 0 0 0 0 0 0 0 0 0 0 0 0 0 0 0 0 0 0 0 0 0 0 
0 0 0 0 0 0 0 0 0 0 0 0 0 0 0 0 0 0 0 0 0 0 0 0 0 0 0 0 0 0 0 0 0 0 0 0 0 0 0 0 0 0 0 0 0 0 0 0 0 0 0 0 0 0 0 0 0 0 0 0 0 0 0 0 0 0 0 0 0 0 0 0 0 0 0 0 0 0 0 0 0 0 0 0 0 0 0 0 0 0 0 0 0 0 0 0 0 0 0 0 
0 0 0 0 0 0 0 0 0 0 0 0 0 0 0 0 0 0 0 0 0 0 0 0 0 0 0 0 0 0 0 0 0 0 0 0 0 0 0 0 0 0 0 0 0 0 0 0 0 0 0 0 0 0 0 0 0 0 0 0 0 0 0 0 0 0 0 0 0 0 0 0 0 0 0 0 0 0 0 0 0 0 0 0 0 0 0 0 0 0 0 0 0 0 0 0 0 0 0 0 
0 0 0 0 0 0 0 0 0 0 0 0 0 0 0 0 0 0 0 0 0 0 0 0 0 0 0 0 0 0 0 0 0 0 0 0 0 0 0 0 0 0 0 0 0 0 0 0 0 0 0 0 0 0 0 0 0 0 0 0 0 0 0 0 0 0 0 0 0 0 0 0 0 0 0 0 0 0 0 0 0 0 0 0 0 0 0 0 0 0 0 0 0 0 0 0 0 0 0 0 
0 0 0 0 0 0 0 0 0 0 0 0 0 0 0 0 0 0 0 0 0 0 0 0 0 0 0 0 0 0 0 0 0 0 0 0 0 0 0 0 0 0 0 0 0 0 0 0 0 0 0 0 0 0 0 0 0 0 0 0 0 0 0 0 0 0 0 0 0 0 0 0 0 0 0 0 0 0 0 0 0 0 0 0 0 0 0 0 0 0 0 0 0 0 0 0 0 0 0 0 
0 0 0 0 0 0 0 0 0 0 0 0 0 0 0 0 0 0 0 0 0 0 0 0 0 0 0 0 0 0 0 0 0 0 0 0 0 0 0 0 0 0 0 0 0 0 0 0 0 0 0 0 0 0 0 0 0 0 0 0 0 0 0 0 0 0 0 0 0 0 0 0 0 0 0 0 0 0 0 0 0 0 0 0 0 0 0 0 0 0 0 0 0 0 0 0 0 0 0 0 
0 0 0 0 0 0 0 0 0 0 0 0 0 0 0 0 0 0 0 0 0 0 0 0 0 0 0 0 0 0 0 0 0 0 0 0 0 0 0 0 0 0 0 0 0 0 0 0 0 0 0 0 0 0 0 0 0 0 0 0 0 0 0 0 0 0 0 0 0 0 0 0 0 0 0 0 0 0 0 0 0 0 0 0 0 0 0 0 0 0 0 0 0 0 0 0 0 0 0 0 
0 0 0 0 0 0 0 0 0 0 0 0 0 0 0 0 0 0 0 0 0 0 0 0 0 0 0 0 0 0 0 0 0 0 0 0 0 0 0 0 0 0 0 0 0 0 0 0 0 0 0 0 0 0 0 0 0 0 0 0 0 0 0 0 0 0 0 0 0 0 0 0 0 0 0 0 0 0 0 0 0 0 0 0 0 0 0 0 0 0 0 0 0 0 0 0 0 0 0 0 
0 0 0 0 0 0 0 0 0 0 0 0 0 0 0 0 0 0 0 0 0 0 0 0 0 0 0 0 0 0 0 0 0 0 0 0 0 0 0 0 0 0 0 0 0 0 0 0 0 0 0 0 0 0 0 0 0 0 0 0 0 0 0 0 0 0 0 0 0 0 0 0 0 0 0 0 0 0 0 0 0 0 0 0 0 0 0 0 0 0 0 0 0 0 0 0 0 0 0 0 
0 0 0 0 0 0 0 0 0 0 0 0 0 0 0 0 0 0 0 0 0 0 0 0 0 0 0 0 0 0 0 0 0 0 0 0 0 0 0 0 0 0 0 0 0 0 0 0 0 0 0 0 0 0 0 0 0 0 0 0 0 0 0 0 0 0 0 0 0 0 0 0 0 0 0 0 0 0 0 0 0 0 0 0 0 0 0 0 0 0 0 0 0 0 0 0 0 0 0 0 
0 0 0 0 0 0 0 0 0 0 0 0 0 0 0 0 0 0 0 0 0 0 0 0 0 0 0 0 0 0 0 0 0 0 0 0 0 0 0 0 0 0 0 0 0 0 0 0 0 0 0 0 0 0 0 0 0 0 0 0 0 0 0 0 0 0 0 0 0 0 0 0 0 0 0 0 0 0 0 0 0 0 0 0 0 0 0 0 0 0 0 0 0 0 0 0 0 0 0 0 
0 0 0 0 0 0 0 0 0 0 0 0 0 0 0 0 0 0 0 0 0 0 0 0 0 0 0 0 0 0 0 0 0 0 0 0 0 0 0 0 0 0 0 0 0 0 0 0 0 0 0 0 0 0 0 0 0 0 0 0 0 0 0 0 0 0 0 0 0 0 0 0 0 0 0 0 0 0 0 0 0 0 0 0 0 0 0 0 0 0 0 0 0 0 0 0 0 0 0 0 
0 0 0 0 0 0 0 0 0 0 0 0 0 0 0 0 0 0 0 0 0 0 0 0 0 0 0 0 0 0 0 0 0 0 0 0 0 0 0 0 0 0 0 0 0 0 0 0 0 0 0 0 0 0 0 0 0 0 0 0 0 0 0 0 0 0 0 0 0 0 0 0 0 0 0 0 0 0 0 0 0 0 0 0 0 0 0 0 0 0 0 0 0 0 0 0 0 0 0 0 
0 0 0 0 0 0 0 0 0 0 0 0 0 0 0 0 0 0 0 0 0 0 0 0 0 0 0 0 0 0 0 0 0 0 0 0 0 0 0 0 0 0 0 0 0 0 0 0 0 0 0 0 0 0 0 0 0 0 0 0 0 0 0 0 0 0 0 0 0 0 0 0 0 0 0 0 0 0 0 0 0 0 0 0 0 0 0 0 0 0 0 0 0 0 0 0 0 0 0 0 
0 0 0 0 0 0 0 0 0 0 0 0 0 0 0 0 0 0 0 0 0 0 0 0 0 0 0 0 0 0 0 0 0 0 0 0 0 0 0 0 0 0 0 0 0 0 0 0 0 0 0 0 0 0 0 0 0 0 0 0 0 0 0 0 0 0 0 0 0 0 0 0 0 0 0 0 0 0 0 0 0 0 0 0 0 0 0 0 0 0 0 0 0 0 0 0 0 0 0 0 
0 0 0 0 0 0 0 0 0 0 0 0 0 0 0 0 0 0 0 0 0 0 0 0 0 0 0 0 0 0 0 0 0 0 0 0 0 0 0 0 0 0 0 0 0 0 0 0 0 0 0 0 0 0 0 0 0 0 0 0 0 0 0 0 0 0 0 0 0 0 0 0 0 0 0 0 0 0 0 0 0 0 0 0 0 0 0 0 0 0 0 0 0 0 0 0 0 0 0 0 
0 0 0 0 0 0 0 0 0 0 0 0 0 0 0 0 0 0 0 0 0 0 0 0 0 0 0 0 0 0 0 0 0 0 0 0 0 0 0 0 0 0 0 0 0 0 0 0 0 0 0 0 0 0 0 0 0 0 0 0 0 0 0 0 0 0 0 0 0 0 0 0 0 0 0 0 0 0 0 0 0 0 0 0 0 0 0 0 0 0 0 0 0 0 0 0 0 0 0 0 
0 0 0 0 0 0 0 0 0 0 0 0 0 0 0 0 0 0 0 0 0 0 0 0 0 0 0 0 0 0 0 0 0 0 0 0 0 0 0 0 0 0 0 0 0 0 0 0 0 0 0 0 0 0 0 0 0 0 0 0 0 0 0 0 0 0 0 0 0 0 0 0 0 0 0 0 0 0 0 0 0 0 0 0 0 0 0 0 0 0 0 0 0 0 0 0 0 0 0 0 
0 0 0 0 0 0 0 0 0 0 0 0 0 0 0 0 0 0 0 0 0 0 0 0 0 0 0 0 0 0 0 0 0 0 0 0 0 0 0 0 0 0 0 0 0 0 0 0 0 0 0 0 0 0 0 0 0 0 0 0 0 0 0 0 0 0 0 0 0 0 0 0 0 0 0 0 0 0 0 0 0 0 0 0 0 0 0 0 0 0 0 0 0 0 0 0 0 0 0 0 
0 0 0 0 0 0 0 0 0 0 0 0 0 0 0 0 0 0 0 0 0 0 0 0 0 0 0 0 0 0 0 0 0 0 0 0 0 0 0 0 0 0 0 0 0 0 0 0 0 0 0 0 0 0 0 0 0 0 0 0 0 0 0 0 0 0 0 0 0 0 0 0 0 0 0 0 0 0 0 0 0 0 0 0 0 0 0 0 0 0 0 0 0 0 0 0 0 0 0 0 
0 0 0 0 0 0 0 0 0 0 0 0 0 0 0 0 0 0 0 0 0 0 0 0 0 0 0 0 0 0 0 0 0 0 0 0 0 0 0 0 0 0 0 0 0 0 0 0 0 0 0 0 0 0 0 0 0 0 0 0 0 0 0 0 0 0 0 0 0 0 0 0 0 0 0 0 0 0 0 0 0 0 0 0 0 0 0 0 0 0 0 0 0 0 0 0 0 0 0 0 
# Events [psd3/psd3.dat] N:
0 0 0 0 0 0 0 0 0 0 0 0 0 0 0 0 0 0 0 0 0 0 0 0 0 0 0 0 0 0 0 0 0 0 0 0 0 0 0 0 0 0 0 0 0 0 0 0 0 0 0 0 0 0 0 0 0 0 0 0 0 0 0 0 0 0 0 0 0 0 0 0 0 0 0 0 0 0 0 0 0 0 0 0 0 0 0 0 0 0 0 0 0 0 0 0 0 0 0 0 
0 0 0 0 0 0 0 0 0 0 0 0 0 0 0 0 0 0 0 0 0 0 0 0 0 0 0 0 0 0 0 0 0 0 0 0 0 0 0 0 0 0 0 0 0 0 0 0 0 0 0 0 0 0 0 0 0 0 0 0 0 0 0 0 0 0 0 0 0 0 0 0 0 0 0 0 0 0 0 0 0 0 0 0 0 0 0 0 0 0 0 0 0 0 0 0 0 0 0 0 
0 0 0 0 0 0 0 0 0 0 0 0 0 0 0 0 0 0 0 0 0 0 0 0 0 0 0 0 0 0 0 0 0 0 0 0 0 0 0 0 0 0 0 0 0 0 0 0 0 0 0 0 0 0 0 0 0 0 0 0 0 0 0 0 0 0 0 0 0 0 0 0 0 0 0 0 0 0 0 0 0 0 0 0 0 0 0 0 0 0 0 0 0 0 0 0 0 0 0 0 
0 0 0 0 0 0 0 0 0 0 0 0 0 0 0 0 0 0 0 0 0 0 0 0 0 0 0 0 0 0 0 0 0 0 0 0 0 0 0 0 0 0 0 0 0 0 0 0 0 0 0 0 0 0 0 0 0 0 0 0 0 0 0 0 0 0 0 0 0 0 0 0 0 0 0 0 0 0 0 0 0 0 0 0 0 0 0 0 0 0 0 0 0 0 0 0 0 0 0 0 
0 0 0 0 0 0 0 0 0 0 0 0 0 0 0 0 0 0 0 0 0 0 0 0 0 0 0 0 0 0 0 0 0 0 0 0 0 0 0 0 0 0 0 0 0 0 0 0 0 0 0 0 0 0 0 0 0 0 0 0 0 0 0 0 0 0 0 0 0 0 0 0 0 0 0 0 0 0 0 0 0 0 0 0 0 0 0 0 0 0 0 0 0 0 0 0 0 0 0 0 
0 0 0 0 0 0 0 0 0 0 0 0 0 0 0 0 0 0 0 0 0 0 0 0 0 0 0 0 0 0 0 0 0 0 0 0 0 0 0 0 0 0 0 0 0 0 0 0 0 0 0 0 0 0 0 0 0 0 0 0 0 0 0 0 0 0 0 0 0 0 0 0 0 0 0 0 0 0 0 0 0 0 0 0 0 0 0 0 0 0 0 0 0 0 0 0 0 0 0 0 
0 0 0 0 0 0 0 0 0 0 0 0 0 0 0 0 0 0 0 0 0 0 0 0 0 0 0 0 0 0 0 0 0 0 0 0 0 0 0 0 0 0 0 0 0 0 0 0 0 0 0 0 0 0 0 0 0 0 0 0 0 0 0 0 0 0 0 0 0 0 0 0 0 0 0 0 0 0 0 0 0 0 0 0 0 0 0 0 0 0 0 0 0 0 0 0 0 0 0 0 
0 0 0 0 0 0 0 0 0 0 0 0 0 0 0 0 0 0 0 0 0 0 0 0 0 0 0 0 0 0 0 0 0 0 0 0 0 0 0 0 0 0 0 0 0 0 0 0 0 0 0 0 0 0 0 0 0 0 0 0 0 0 0 0 0 0 0 0 0 0 0 0 0 0 0 0 0 0 0 0 0 0 0 0 0 0 0 0 0 0 0 0 0 0 0 0 0 0 0 0 
0 0 0 0 0 0 0 0 0 0 0 0 0 0 0 0 0 0 0 0 0 0 0 0 0 0 0 0 0 0 0 0 0 0 0 0 0 0 0 0 0 0 0 0 0 0 0 0 0 0 0 0 0 0 0 0 0 0 0 0 0 0 0 0 0 0 0 0 0 0 0 0 0 0 0 0 0 0 0 0 0 0 0 0 0 0 0 0 0 0 0 0 0 0 0 0 0 0 0 0 
0 0 0 0 0 0 0 0 0 0 0 0 0 0 0 0 0 0 0 0 0 0 0 0 0 0 0 0 0 0 0 0 0 0 0 0 0 0 0 0 0 0 0 0 0 0 0 0 0 0 0 0 0 0 0 0 0 0 0 0 0 0 0 0 0 0 0 0 0 0 0 0 0 0 0 0 0 0 0 0 0 0 0 0 0 0 0 0 0 0 0 0 0 0 0 0 0 0 0 0 
0 0 0 0 0 0 0 0 0 0 0 0 0 0 0 0 0 0 0 0 0 0 0 0 0 0 0 0 0 0 0 0 0 0 0 0 0 0 0 0 0 0 0 0 0 0 0 0 0 0 0 0 0 0 0 0 0 0 0 0 0 0 0 0 0 0 0 0 0 0 0 0 0 0 0 0 0 0 0 0 0 0 0 0 0 0 0 0 0 0 0 0 0 0 0 0 0 0 0 0 
0 0 0 0 0 0 0 0 0 0 0 0 0 0 0 0 0 0 0 0 0 0 0 0 0 0 0 0 0 0 0 0 0 0 0 0 0 0 0 0 0 0 0 0 0 0 0 0 0 0 0 0 0 0 0 0 0 0 0 0 0 0 0 0 0 0 0 0 0 0 0 0 0 0 0 0 0 0 0 0 0 0 0 0 0 0 0 0 0 0 0 0 0 0 0 0 0 0 0 0 
0 0 0 0 0 0 0 0 0 0 0 0 0 0 0 0 0 0 0 0 0 0 0 0 0 0 0 0 0 0 0 0 0 0 0 0 0 0 0 0 0 0 0 0 0 0 0 0 0 0 0 0 0 0 0 0 0 0 0 0 0 0 0 0 0 0 0 0 0 0 0 0 0 0 0 0 0 0 0 0 0 0 0 0 0 0 0 0 0 0 0 0 0 0 0 0 0 0 0 0 
0 0 0 0 0 0 0 0 0 0 0 0 0 0 0 0 0 0 0 0 0 0 0 0 0 0 0 0 0 0 0 0 0 0 0 0 0 0 0 0 0 0 0 0 0 0 0 0 0 0 0 0 0 0 0 0 0 0 0 0 0 0 0 0 0 0 0 0 0 0 0 0 0 0 0 0 0 0 0 0 0 0 0 0 0 0 0 0 0 0 0 0 0 0 0 0 0 0 0 0 
0 0 0 0 0 0 0 0 0 0 0 0 0 0 0 0 0 0 0 0 0 0 0 0 0 0 0 0 0 0 0 0 0 0 0 0 0 0 0 0 0 0 0 0 0 0 0 0 0 0 0 0 0 0 0 0 0 0 0 0 0 0 0 0 0 0 0 0 0 0 0 0 0 0 0 0 0 0 0 0 0 0 0 0 0 0 0 0 0 0 0 0 0 0 0 0 0 0 0 0 
0 0 0 0 0 0 0 0 0 0 0 0 0 0 0 0 0 0 0 0 0 0 0 0 0 0 0 0 0 0 0 0 0 0 0 0 0 0 0 0 0 0 0 0 0 0 0 0 0 0 0 0 0 0 0 0 0 0 0 0 0 0 0 0 0 0 0 0 0 0 0 0 0 0 0 0 0 0 0 0 0 0 0 0 0 0 0 0 0 0 0 0 0 0 0 0 0 0 0 0 
0 0 0 0 0 0 0 0 0 0 0 0 0 0 0 0 0 0 0 0 0 0 0 0 0 0 0 0 0 0 0 0 0 0 0 0 0 0 0 0 0 0 0 0 0 0 0 0 0 0 0 0 0 0 0 0 0 0 0 0 0 0 0 0 0 0 0 0 0 0 0 0 0 0 0 0 0 0 0 0 0 0 0 0 0 0 0 0 0 0 0 0 0 0 0 0 0 0 0 0 
0 0 0 0 0 0 0 0 0 0 0 0 0 0 0 0 0 0 0 0 0 0 0 0 0 0 0 0 0 0 0 0 0 0 0 0 0 0 0 0 0 0 0 0 0 0 0 0 0 0 0 0 0 0 0 0 0 0 0 0 0 0 0 0 0 0 0 0 0 0 0 0 0 0 0 0 0 0 0 0 0 0 0 0 0 0 0 0 0 0 0 0 0 0 0 0 0 0 0 0 
0 0 0 0 0 0 0 0 0 0 0 0 0 0 0 0 0 0 0 0 0 0 0 0 0 0 0 0 0 0 0 0 0 0 0 0 0 0 0 0 0 0 0 0 0 0 0 0 0 0 0 0 0 0 0 0 0 0 0 0 0 0 0 0 0 0 0 0 0 0 0 0 0 0 0 0 0 0 0 0 0 0 0 0 0 0 0 0 0 0 0 0 0 0 0 0 0 0 0 0 
0 0 0 0 0 0 0 0 0 0 0 0 0 0 0 0 0 0 0 0 0 0 0 0 0 0 0 0 0 0 0 0 0 0 0 0 0 0 0 0 0 0 0 0 0 0 0 0 0 0 0 0 0 0 0 0 0 0 0 0 0 0 0 0 0 0 0 0 0 0 0 0 0 0 0 0 0 0 0 0 0 0 0 0 0 0 0 0 0 0 0 0 0 0 0 0 0 0 0 0 
0 0 0 0 0 0 0 0 0 0 0 0 0 0 0 0 0 0 0 0 0 0 0 0 0 0 0 0 0 0 0 0 0 0 0 0 0 0 0 0 0 0 0 0 0 0 0 0 0 0 0 0 0 0 0 0 0 0 0 0 0 0 0 0 0 0 0 0 0 0 0 0 0 0 0 0 0 0 0 0 0 0 0 0 0 0 0 0 0 0 0 0 0 0 0 0 0 0 0 0 
0 0 0 0 0 0 0 0 0 0 0 0 0 0 0 0 0 0 0 0 0 0 0 0 0 0 0 0 0 0 0 0 0 0 0 0 0 0 0 0 0 0 0 0 0 0 0 0 0 0 0 0 0 0 0 0 0 0 0 0 0 0 0 0 0 0 0 0 0 0 0 0 0 0 0 0 0 0 0 0 0 0 0 0 0 0 0 0 0 0 0 0 0 0 0 0 0 0 0 0 
0 0 0 0 0 0 0 0 0 0 0 0 0 0 0 0 0 0 0 0 0 0 0 0 0 0 0 0 0 0 0 0 0 0 0 0 0 0 0 0 0 0 0 0 0 0 0 0 0 0 0 0 0 0 0 0 0 0 0 0 0 0 0 0 0 0 0 0 0 0 0 0 0 0 0 0 0 0 0 0 0 0 0 0 0 0 0 0 0 0 0 0 0 0 0 0 0 0 0 0 
0 0 0 0 0 0 0 0 0 0 0 0 0 0 0 0 0 0 0 0 0 0 0 0 0 0 0 0 0 0 0 0 0 0 0 0 0 0 0 0 0 0 0 0 0 0 0 0 0 0 0 0 0 0 0 0 0 0 0 0 0 0 0 0 0 0 0 0 0 0 0 0 0 0 0 0 0 0 0 0 0 0 0 0 0 0 0 0 0 0 0 0 0 0 0 0 0 0 0 0 
0 0 0 0 0 0 0 0 0 0 0 0 0 0 0 0 0 0 0 0 0 0 0 0 0 0 0 0 0 0 0 0 0 0 0 0 0 0 0 0 0 0 0 0 0 0 0 0 0 0 0 0 0 0 0 0 0 0 0 0 0 0 0 0 0 0 0 0 0 0 0 0 0 0 0 0 0 0 0 0 0 0 0 0 0 0 0 0 0 0 0 0 0 0 0 0 0 0 0 0 
0 0 0 0 0 0 0 0 0 0 0 0 0 0 0 0 0 0 0 0 0 0 0 0 0 0 0 0 0 0 0 0 0 0 0 0 0 0 0 0 0 0 0 0 0 0 0 0 0 0 0 0 0 0 0 0 0 0 0 0 0 0 0 0 0 0 0 0 0 0 0 0 0 0 0 0 0 0 0 0 0 0 0 0 0 0 0 0 0 0 0 0 0 0 0 0 0 0 0 0 
0 0 0 0 0 0 0 0 0 0 0 0 0 0 0 0 0 0 0 0 0 0 0 0 0 0 0 0 0 0 0 0 0 0 0 0 0 0 0 0 0 0 0 0 0 0 0 0 0 0 0 0 0 0 0 0 0 0 0 0 0 0 0 0 0 0 0 0 0 0 0 0 0 0 0 0 0 0 0 0 0 0 0 0 0 0 0 0 0 0 0 0 0 0 0 0 0 0 0 0 
0 0 0 0 0 0 0 0 0 0 0 0 0 0 0 0 0 0 0 0 0 0 0 0 0 0 0 0 0 0 0 0 0 0 0 0 0 0 0 0 0 0 0 0 0 0 0 0 0 0 0 0 0 0 0 0 0 0 0 0 0 0 0 0 0 0 0 0 0 0 0 0 0 0 0 0 0 0 0 0 0 0 0 0 0 0 0 0 0 0 0 0 0 0 0 0 0 0 0 0 
0 0 0 0 0 0 0 0 0 0 0 0 0 0 0 0 0 0 0 0 0 0 0 0 0 0 0 0 0 0 0 0 0 0 0 0 0 0 0 0 0 0 0 0 0 0 0 0 0 0 0 0 0 0 0 0 0 0 0 0 0 0 0 0 0 0 0 0 0 0 0 0 0 0 0 0 0 0 0 0 0 0 0 0 0 0 0 0 0 0 0 0 0 0 0 0 0 0 0 0 
0 0 0 0 0 0 0 0 0 0 0 0 0 0 0 0 0 0 0 0 0 0 0 0 0 0 0 0 0 0 0 0 0 0 0 0 0 0 0 0 0 0 0 0 0 0 0 0 0 0 0 0 0 0 0 0 0 0 0 0 0 0 0 0 0 0 0 0 0 0 0 0 0 0 0 0 0 0 0 0 0 0 0 0 0 0 0 0 0 0 0 0 0 0 0 0 0 0 0 0 
0 0 0 0 0 0 0 0 0 0 0 0 0 0 0 0 0 0 0 0 0 0 0 0 0 0 0 0 0 0 0 0 0 0 0 0 0 0 0 0 0 0 0 0 0 0 0 0 0 0 0 0 0 0 0 0 0 0 0 0 0 0 0 0 0 0 0 0 0 0 0 0 0 0 0 0 0 0 0 0 0 0 0 0 0 0 0 0 0 0 0 0 0 0 0 0 0 0 0 0 
0 0 0 0 0 0 0 0 0 0 0 0 0 0 0 0 0 0 0 0 0 0 0 0 0 0 0 0 0 0 0 0 0 0 0 0 0 0 0 0 0 0 0 0 0 0 0 0 0 0 0 0 0 0 0 0 0 0 0 0 0 0 0 0 0 0 0 0 0 0 0 0 0 0 0 0 0 0 0 0 0 0 0 0 0 0 0 0 0 0 0 0 0 0 0 0 0 0 0 0 
0 0 0 0 0 0 0 0 0 0 0 0 0 0 0 0 0 0 0 0 0 0 0 0 0 0 0 0 0 0 0 0 0 0 0 0 0 0 0 0 0 0 0 0 0 0 0 0 0 0 0 0 0 0 0 0 0 0 0 0 0 0 0 0 0 0 0 0 0 0 0 0 0 0 0 0 0 0 0 0 0 0 0 0 0 0 0 0 0 0 0 0 0 0 0 0 0 0 0 0 
0 0 0 0 0 0 0 0 0 0 0 0 0 0 0 0 0 0 0 0 0 0 0 0 10 237 219 208 219 202 215 205 227 234 250 220 211 235 237 206 234 207 199 201 180 210 199 253 213 225 214 210 201 210 238 213 230 215 220 204 198 199 266 213 224 224 249 212 215 222 236 249 209 213 220 4 0 0 0 0 0 0 0 0 0 0 0 0 0 0 0 0 0 0 0 0 0 0 0 0 
0 0 0 0 0 0 0 0 0 0 0 0 0 0 0 0 0 0 0 0 0 0 0 0 10 369 357 349 295 313 340 356 342 323 332 339 331 332 341 295 319 339 313 337 323 312 305 321 310 360 331 382 318 320 310 350 316 321 327 303 362 314 307 354 365 313 360 350 352 326 335 331 357 358 312 6 0 0 0 0 0 0 0 0 0 0 0 0 0 0 0 0 0 0 0 0 0 0 0 0 
0 0 0 0 0 0 0 0 0 0 0 0 0 0 0 0 0 0 0 0 0 0 0 0 11 317 356 349 345 344 342 345 345 338 343 310 303 330 317 326 317 322 323 360 337 342 308 339 313 330 332 304 342 338 329 364 313 341 341 296 294 340 337 354 334 355 323 312 359 341 348 335 298 347 326 6 0 0 0 0 0 0 0 0 0 0 0 0 0 0 0 0 0 0 0 0 0 0 0 0 
0 0 0 0 0 0 0 0 0 0 0 0 0 0 0 0 0 0 0 0 0 0 0 0 5 313 346 327 329 359 336 297 355 336 333 334 330 310 349 337 301 354 308 355 335 327 311 325 319 315 326 288 337 307 333 360 342 316 302 354 305 331 329 322 349 331 347 316 340 305 313 324 303 316 285 11 0 0 0 0 0 0 0 0 0 0 0 0 0 0 0 0 0 0 0 0 0 0 0 0 
0 0 0 0 0 0 0 0 0 0 0 0 0 0 0 0 0 0 0 0 0 0 0 0 11 324 368 326 318 350 344 335 315 334 334 322 332 299 329 351 324 324 293 322 347 306 298 316 363 337 347 306 352 350 308 341 343 293 321 327 360 332 300 318 286 339 328 309 383 307 315 310 320 323 295 5 0 0 0 0 0 0 0 0 0 0 0 0 0 0 0 0 0 0 0 0 0 0 0 0 
0 0 0 0 0 0 0 0 0 0 0 0 0 0 0 0 0 0 0 0 0 0 0 0 12 306 316 333 310 350 346 349 351 332 354 351 316 339 323 321 322 344 322 320 323 351 318 342 319 329 299 316 284 320 357 350 321 343 335 331 326 336 332 331 324 364 344 298 344 318 320 361 313 338 361 11 0 0 0 0 0 0 0 0 0 0 0 0 0 0 0 0 0 0 0 0 0 0 0 0 
0 0 0 0 0 0 0 0 0 0 0 0 0 0 0 0 0 0 0 0 0 0 0 0 13 326 332 327 343 337 347 330 295 357 327 325 326 325 314 321 321 354 310 338 330 299 326 320 307 317 322 305 318 339 292 306 322 316 353 313 315 315 348 350 367 355 346 360 347 347 342 309 319 322 313 8 0 0 0 0 0 0 0 0 0 0 0 0 0 0 0 0 0 0 0 0 0 0 0 0 
0 0 0 0 0 0 0 0 0 0 0 0 0 0 0 0 0 0 0 0 0 0 0 0 14 294 313 329 360 303 351 323 335 335 296 353 353 339 333 331 347 328 310 324 317 304 338 317 334 340 310 311 338 319 319 299 320 320 360 285 347 344 322 343 311 337 339 309 313 325 332 329 320 337 337 4 0 0 0 0 0 0 0 0 0 0 0 0 0 0 0 0 0 0 0 0 0 0 0 0 
0 0 0 0 0 0 0 0 0 0 0 0 0 0 0 0 0 0 0 0 0 0 0 0 8 364 338 294 365 302 324 339 336 380 309 354 327 325 312 335 339 330 339 350 325 326 353 317 298 338 313 299 312 349 315 323 297 330 337 332 317 319 307 342 326 324 330 327 341 352 354 339 330 331 374 13 0 0 0 0 0 0 0 0 0 0 0 0 0 0 0 0 0 0 0 0 0 0 0 0 
0 0 0 0 0 0 0 0 0 0 0 0 0 0 0 0 0 0 0 0 0 0 0 0 12 359 340 360 340 319 328 327 316 338 320 317 336 325 340 309 356 363 335 343 323 331 362 345 357 311 318 344 330 296 308 336 281 327 334 314 326 354 316 311 306 326 358 348 332 347 325 340 353 316 333 11 0 0 0 0 0 0 0 0 0 0 0 0 0 0 0 0 0 0 0 0 0 0 0 0 
0 0 0 0 0 0 0 0 0 0 0 0 0 0 0 0 0 0 0 0 0 0 0 0 10 320 322 324 344 325 352 340 336 332 299 319 304 324 310 333 321 325 326 343 299 318 336 320 312 317 323 333 336 289 344 360 330 303 320 295 306 314 316 311 334 367 326 354 315 325 339 325 345 338 324 7 0 0 0 0 0 0 0 0 0 0 0 0 0 0 0 0 0 0 0 0 0 0 0 0 
0 0 0 0 0 0 0 0 0 0 0 0 0 0 0 0 0 0 0 0 0 0 0 0 7 318 313 332 338 341 293 358 333 296 337 317 313 337 320 322 309 312 371 339 297 346 338 328 326 358 326 299 324 335 339 347 331 310 326 341 334 343 331 309 316 343 342 344 335 346 319 310 348 308 321 5 0 0 0 0 0 0 0 0 0 0 0 0 0 0 0 0 0 0 0 0 0 0 0 0 
0 0 0 0 0 0 0 0 0 0 0 0 0 0 0 0 0 0 0 0 0 0 0 0 12 318 309 358 320 312 341 319 336 325 327 337 355 302 320 320 318 327 321 290 343 376 351 297 314 297 334 311 329 316 319 327 332 305 288 315 323 330 304 329 324 320 313 341 315 288 325 312 313 345 300 12 0 0 0 0 0 0 0 0 0 0 0 0 0 0 0 0 0 0 0 0 0 0 0 0 
0 0 0 0 0 0 0 0 0 0 0 0 0 0 0 0 0 0 0 0 0 0 0 0 10 312 323 325 348 324 309 304 323 362 324 343 292 329 315 323 336 311 346 355 320 323 283 301 311 312 295 312 291 309 317 346 306 308 327 296 339 312 332 294 345 351 305 318 334 307 314 327 331 324 302 7 0 0 0 0 0 0 0 0 0 0 0 0 0 0 0 0 0 0 0 0 0 0 0 0 
0 0 0 0 0 0 0 0 0 0 0 0 0 0 0 0 0 0 0 0 0 0 0 0 10 298 354 315 329 327 291 354 310 307 342 312 329 307 343 339 306 335 344 310 342 342 300 307 321 329 295 307 316 333 301 312 306 296 345 339 336 305 275 364 333 293 331 358 319 343 303 350 330 344 342 9 0 0 0 0 0 0 0 0 0 0 0 0 0 0 0 0 0 0 0 0 0 0 0 0 
0 0 0 0 0 0 0 0 0 0 0 0 0 0 0 0 0 0 0 0 0 0 0 0 11 331 324 339 322 309 323 303 304 347 308 323 316 337 328 306 342 332 325 317 341 310 332 310 309 314 314 341 297 302 312 343 294 335 335 326 324 339 339 329 320 343 314 317 291 311 329 296 328 309 324 15 0 0 0 0 0 0 0 0 0 0 0 0 0 0 0 0 0 0 0 0 0 0 0 0 
0 0 0 0 0 0 0 0 0 0 0 0 0 0 0 0 0 0 0 0 0 0 0 0 9 341 320 302 314 299 299 316 304 337 316 315 322 342 299 310 325 333 319 346 316 295 297 300 317 322 337 310 284 334 319 298 312 310 327 317 309 330 319 353 328 285 348 348 315 316 343 312 303 309 339 8 0 0 0 0 0 0 0 0 0 0 0 0 0 0 0 0 0 0 0 0 0 0 0 0 
0 0 0 0 0 0 0 0 0 0 0 0 0 0 0 0 0 0 0 0 0 0 0 0 12 332 300 336 306 341 346 318 336 308 304 309 338 343 338 329 309 339 300 341 329 313 301 288 314 274 305 335 304 329 312 326 346 328 345 307 314 328 311 346 344 307 308 361 323 296 336 336 329 332 330 12 0 0 0 0 0 0 0 0 0 0 0 0 0 0 0 0 0 0 0 0 0 0 0 0 
0 0 0 0 0 0 0 0 0 0 0 0 0 0 0 0 0 0 0 0 0 0 0 0 10 323 312 342 335 302 312 297 338 353 305 324 322 337 321 365 291 335 317 337 318 293 335 326 343 315 312 285 301 318 319 316 302 319 278 322 312 327 302 312 341 350 321 359 327 347 324 366 327 324 319 6 0 0 0 0 0 0 0 0 0 0 0 0 0 0 0 0 0 0 0 0 0 0 0 0 
0 0 0 0 0 0 0 0 0 0 0 0 0 0 0 0 0 0 0 0 0 0 0 0 12 321 312 317 309 322 331 295 314 326 282 301 330 330 288 319 363 298 364 316 324 320 300 331 327 322 332 308 321 265 316 304 317 325 314 322 314 312 312 334 330 312 328 325 317 324 318 295 320 375 314 9 0 0 0 0 0 0 0 0 0 0 0 0 0 0 0 0 0 0 0 0 0 0 0 0 
0 0 0 0 0 0 0 0 0 0 0 0 0 0 0 0 0 0 0 0 0 0 0 0 16 324 369 330 334 326 331 346 302 335 335 338 340 332 305 326 333 314 362 337 331 288 322 338 307 314 297 310 275 326 315 314 316 311 330 304 335 297 317 312 307 342 339 336 323 318 334 303 330 334 341 9 0 0 0 0 0 0 0 0 0 0 0 0 0 0 0 0 0 0 0 0 0 0 0 0 
0 0 0 0 0 0 0 0 0 0 0 0 0 0 0 0 0 0 0 0 0 0 0 0 11 297 379 313 345 349 290 332 307 302 330 328 347 328 337 319 304 312 347 343 325 340 314 332 338 304 307 341 333 305 314 322 314 277 348 296 338 303 306 338 352 353 330 344 323 373 340 320 301 334 307 17 0 0 0 0 0 0 0 0 0 0 0 0 0 0 0 0 0 0 0 0 0 0 0 0 
0 0 0 0 0 0 0 0 0 0 0 0 0 0 0 0 0 0 0 0 0 0 0 0 18 303 327 344 328 351 326 320 326 326 336 349 311 333 308 289 333 322 334 310 324 307 306 330 323 332 325 337 329 325 321 323 310 344 320 309 325 332 316 322 338 367 341 358 310 334 345 291 327 375 312 11 0 0 0 0 0 0 0 0 0 0 0 0 0 0 0 0 0 0 0 0 0 0 0 0 
0 0 0 0 0 0 0 0 0 0 0 0 0 0 0 0 0 0 0 0 0 0 0 0 9 301 311 341 314 306 366 346 316 340 351 332 338 328 281 315 339 324 316 316 285 345 316 348 331 358 345 332 351 314 346 314 359 352 306 303 325 330 353 323 338 321 336 328 319 355 327 315 316 336 330 12 0 0 0 0 0 0 0 0 0 0 0 0 0 0 0 0 0 0 0 0 0 0 0 0 
0 0 0 0 0 0 0 0 0 0 0 0 0 0 0 0 0 0 0 0 0 0 0 0 4 295 352 323 341 330 330 354 285 338 338 342 346 307 336 334 326 314 351 337 329 323 350 314 338 319 332 317 304 319 335 353 321 329 333 344 332 295 274 340 356 360 319 323 364 319 366 322 310 333 281 8 0 0 0 0 0 0 0 0 0 0 0 0 0 0 0 0 0 0 0 0 0 0 0 0 
0 0 0 0 0 0 0 0 0 0 0 0 0 0 0 0 0 0 0 0 0 0 0 0 11 305 320 320 354 311 312 321 291 343 327 335 324 341 320 333 325 353 341 331 318 307 318 330 291 308 309 317 313 340 351 338 329 284 352 326 330 322 295 340 331 321 317 325 334 344 342 315 291 314 354 7 0 0 0 0 0 0 0 0 0 0 0 0 0 0 0 0 0 0 0 0 0 0 0 0 
0 0 0 0 0 0 0 0 0 0 0 0 0 0 0 0 0 0 0 0 0 0 0 0 5 320 335 312 356 297 312 325 290 320 319 298 311 341 316 319 327 343 322 325 364 332 317 321 307 314 329 331 327 289 311 293 332 334 330 287 321 337 329 297 346 318 316 361 371 306 347 344 302 340 346 14 0 0 0 0 0 0 0 0 0 0 0 0 0 0 0 0 0 0 0 0 0 0 0 0 
0 0 0 0 0 0 0 0 0 0 0 0 0 0 0 0 0 0 0 0 0 0 0 0 11 338 339 348 346 311 329 330 319 329 313 306 357 326 333 313 321 348 356 340 324 344 316 326 311 321 343 360 317 341 294 342 303 318 321 316 315 295 353 324 350 316 322 394 341 327 330 330 326 326 344 10 0 0 0 0 0 0 0 0 0 0 0 0 0 0 0 0 0 0 0 0 0 0 0 0 
0 0 0 0 0 0 0 0 0 0 0 0 0 0 0 0 0 0 0 0 0 0 0 0 7 319 320 326 339 354 342 327 321 335 335 361 340 333 331 334 329 335 352 327 304 323 306 335 353 340 284 332 306 298 330 319 321 324 321 331 335 339 301 357 319 317 335 352 319 348 304 350 347 318 326 8 0 0 0 0 0 0 0 0 0 0 0 0 0 0 0 0 0 0 0 0 0 0 0 0 
0 0 0 0 0 0 0 0 0 0 0 0 0 0 0 0 0 0 0 0 0 0 0 0 7 325 321 329 359 338 326 338 336 318 348 325 348 330 307 324 313 354 304 323 331 356 339 326 322 315 331 318 318 298 323 308 306 301 339 333 322 331 328 326 319 308 346 324 298 352 348 342 332 327 299 5 0 0 0 0 0 0 0 0 0 0 0 0 0 0 0 0 0 0 0 0 0 0 0 0 
0 0 0 0 0 0 0 0 0 0 0 0 0 0 0 0 0 0 0 0 0 0 0 0 6 320 318 346 338 320 341 322 333 327 318 301 299 302 337 338 310 320 328 348 318 330 320 303 313 300 331 292 300 345 288 310 324 346 289 324 336 331 314 326 312 317 348 298 318 320 345 372 331 334 318 11 0 0 0 0 0 0 0 0 0 0 0 0 0 0 0 0 0 0 0 0 0 0 0 0 
0 0 0 0 0 0 0 0 0 0 0 0 0 0 0 0 0 0 0 0 0 0 0 0 4 337 309 323 324 333 345 324 322 317 325 302 328 326 329 320 308 338 332 320 318 367 317 326 376 322 339 315 309 304 341 357 303 356 351 346 310 326 340 304 332 355 340 331 345 321 340 350 322 319 342 7 0 0 0 0 0 0 0 0 0 0 0 0 0 0 0 0 0 0 0 0 0 0 0 0 
0 0 0 0 0 0 0 0 0 0 0 0 0 0 0 0 0 0 0 0 0 0 0 0 8 340 347 336 329 330 334 324 328 329 335 318 336 345 337 346 310 340 327 339 337 324 305 340 332 318 340 341 335 370 288 347 346 321 309 360 328 327 330 336 337 324 346 364 328 334 381 325 342 341 329 13 0 0 0 0 0 0 0 0 0 0 0 0 0 0 0 0 0 0 0 0 0 0 0 0 
0 0 0 0 0 0 0 0 0 0 0 0 0 0 0 0 0 0 0 0 0 0 0 0 6 200 230 260 225 221 256 238 185 249 227 188 226 208 207 216 234 228 247 224 213 237 220 221 212 213 208 229 222 201 231 231 214 207 219 206 190 194 231 236 235 214 217 249 231 222 185 206 212 220 219 4 0 0 0 0 0 0 0 0 0 0 0 0 0 0 0 0 0 0 0 0 0 0 0 0 
0 0 0 0 0 0 0 0 0 0 0 0 0 0 0 0 0 0 0 0 0 0 0 0 0 0 0 0 0 0 0 0 0 0 0 0 0 0 0 0 0 0 0 0 0 0 0 0 0 0 0 0 0 0 0 0 0 0 0 0 0 0 0 0 0 0 0 0 0 0 0 0 0 0 0 0 0 0 0 0 0 0 0 0 0 0 0 0 0 0 0 0 0 0 0 0 0 0 0 0 
0 0 0 0 0 0 0 0 0 0 0 0 0 0 0 0 0 0 0 0 0 0 0 0 0 0 0 0 0 0 0 0 0 0 0 0 0 0 0 0 0 0 0 0 0 0 0 0 0 0 0 0 0 0 0 0 0 0 0 0 0 0 0 0 0 0 0 0 0 0 0 0 0 0 0 0 0 0 0 0 0 0 0 0 0 0 0 0 0 0 0 0 0 0 0 0 0 0 0 0 
0 0 0 0 0 0 0 0 0 0 0 0 0 0 0 0 0 0 0 0 0 0 0 0 0 0 0 0 0 0 0 0 0 0 0 0 0 0 0 0 0 0 0 0 0 0 0 0 0 0 0 0 0 0 0 0 0 0 0 0 0 0 0 0 0 0 0 0 0 0 0 0 0 0 0 0 0 0 0 0 0 0 0 0 0 0 0 0 0 0 0 0 0 0 0 0 0 0 0 0 
0 0 0 0 0 0 0 0 0 0 0 0 0 0 0 0 0 0 0 0 0 0 0 0 0 0 0 0 0 0 0 0 0 0 0 0 0 0 0 0 0 0 0 0 0 0 0 0 0 0 0 0 0 0 0 0 0 0 0 0 0 0 0 0 0 0 0 0 0 0 0 0 0 0 0 0 0 0 0 0 0 0 0 0 0 0 0 0 0 0 0 0 0 0 0 0 0 0 0 0 
0 0 0 0 0 0 0 0 0 0 0 0 0 0 0 0 0 0 0 0 0 0 0 0 0 0 0 0 0 0 0 0 0 0 0 0 0 0 0 0 0 0 0 0 0 0 0 0 0 0 0 0 0 0 0 0 0 0 0 0 0 0 0 0 0 0 0 0 0 0 0 0 0 0 0 0 0 0 0 0 0 0 0 0 0 0 0 0 0 0 0 0 0 0 0 0 0 0 0 0 
0 0 0 0 0 0 0 0 0 0 0 0 0 0 0 0 0 0 0 0 0 0 0 0 0 0 0 0 0 0 0 0 0 0 0 0 0 0 0 0 0 0 0 0 0 0 0 0 0 0 0 0 0 0 0 0 0 0 0 0 0 0 0 0 0 0 0 0 0 0 0 0 0 0 0 0 0 0 0 0 0 0 0 0 0 0 0 0 0 0 0 0 0 0 0 0 0 0 0 0 
0 0 0 0 0 0 0 0 0 0 0 0 0 0 0 0 0 0 0 0 0 0 0 0 0 0 0 0 0 0 0 0 0 0 0 0 0 0 0 0 0 0 0 0 0 0 0 0 0 0 0 0 0 0 0 0 0 0 0 0 0 0 0 0 0 0 0 0 0 0 0 0 0 0 0 0 0 0 0 0 0 0 0 0 0 0 0 0 0 0 0 0 0 0 0 0 0 0 0 0 
0 0 0 0 0 0 0 0 0 0 0 0 0 0 0 0 0 0 0 0 0 0 0 0 0 0 0 0 0 0 0 0 0 0 0 0 0 0 0 0 0 0 0 0 0 0 0 0 0 0 0 0 0 0 0 0 0 0 0 0 0 0 0 0 0 0 0 0 0 0 0 0 0 0 0 0 0 0 0 0 0 0 0 0 0 0 0 0 0 0 0 0 0 0 0 0 0 0 0 0 
0 0 0 0 0 0 0 0 0 0 0 0 0 0 0 0 0 0 0 0 0 0 0 0 0 0 0 0 0 0 0 0 0 0 0 0 0 0 0 0 0 0 0 0 0 0 0 0 0 0 0 0 0 0 0 0 0 0 0 0 0 0 0 0 0 0 0 0 0 0 0 0 0 0 0 0 0 0 0 0 0 0 0 0 0 0 0 0 0 0 0 0 0 0 0 0 0 0 0 0 
0 0 0 0 0 0 0 0 0 0 0 0 0 0 0 0 0 0 0 0 0 0 0 0 0 0 0 0 0 0 0 0 0 0 0 0 0 0 0 0 0 0 0 0 0 0 0 0 0 0 0 0 0 0 0 0 0 0 0 0 0 0 0 0 0 0 0 0 0 0 0 0 0 0 0 0 0 0 0 0 0 0 0 0 0 0 0 0 0 0 0 0 0 0 0 0 0 0 0 0 
0 0 0 0 0 0 0 0 0 0 0 0 0 0 0 0 0 0 0 0 0 0 0 0 0 0 0 0 0 0 0 0 0 0 0 0 0 0 0 0 0 0 0 0 0 0 0 0 0 0 0 0 0 0 0 0 0 0 0 0 0 0 0 0 0 0 0 0 0 0 0 0 0 0 0 0 0 0 0 0 0 0 0 0 0 0 0 0 0 0 0 0 0 0 0 0 0 0 0 0 
0 0 0 0 0 0 0 0 0 0 0 0 0 0 0 0 0 0 0 0 0 0 0 0 0 0 0 0 0 0 0 0 0 0 0 0 0 0 0 0 0 0 0 0 0 0 0 0 0 0 0 0 0 0 0 0 0 0 0 0 0 0 0 0 0 0 0 0 0 0 0 0 0 0 0 0 0 0 0 0 0 0 0 0 0 0 0 0 0 0 0 0 0 0 0 0 0 0 0 0 
0 0 0 0 0 0 0 0 0 0 0 0 0 0 0 0 0 0 0 0 0 0 0 0 0 0 0 0 0 0 0 0 0 0 0 0 0 0 0 0 0 0 0 0 0 0 0 0 0 0 0 0 0 0 0 0 0 0 0 0 0 0 0 0 0 0 0 0 0 0 0 0 0 0 0 0 0 0 0 0 0 0 0 0 0 0 0 0 0 0 0 0 0 0 0 0 0 0 0 0 
0 0 0 0 0 0 0 0 0 0 0 0 0 0 0 0 0 0 0 0 0 0 0 0 0 0 0 0 0 0 0 0 0 0 0 0 0 0 0 0 0 0 0 0 0 0 0 0 0 0 0 0 0 0 0 0 0 0 0 0 0 0 0 0 0 0 0 0 0 0 0 0 0 0 0 0 0 0 0 0 0 0 0 0 0 0 0 0 0 0 0 0 0 0 0 0 0 0 0 0 
0 0 0 0 0 0 0 0 0 0 0 0 0 0 0 0 0 0 0 0 0 0 0 0 0 0 0 0 0 0 0 0 0 0 0 0 0 0 0 0 0 0 0 0 0 0 0 0 0 0 0 0 0 0 0 0 0 0 0 0 0 0 0 0 0 0 0 0 0 0 0 0 0 0 0 0 0 0 0 0 0 0 0 0 0 0 0 0 0 0 0 0 0 0 0 0 0 0 0 0 
0 0 0 0 0 0 0 0 0 0 0 0 0 0 0 0 0 0 0 0 0 0 0 0 0 0 0 0 0 0 0 0 0 0 0 0 0 0 0 0 0 0 0 0 0 0 0 0 0 0 0 0 0 0 0 0 0 0 0 0 0 0 0 0 0 0 0 0 0 0 0 0 0 0 0 0 0 0 0 0 0 0 0 0 0 0 0 0 0 0 0 0 0 0 0 0 0 0 0 0 
0 0 0 0 0 0 0 0 0 0 0 0 0 0 0 0 0 0 0 0 0 0 0 0 0 0 0 0 0 0 0 0 0 0 0 0 0 0 0 0 0 0 0 0 0 0 0 0 0 0 0 0 0 0 0 0 0 0 0 0 0 0 0 0 0 0 0 0 0 0 0 0 0 0 0 0 0 0 0 0 0 0 0 0 0 0 0 0 0 0 0 0 0 0 0 0 0 0 0 0 
0 0 0 0 0 0 0 0 0 0 0 0 0 0 0 0 0 0 0 0 0 0 0 0 0 0 0 0 0 0 0 0 0 0 0 0 0 0 0 0 0 0 0 0 0 0 0 0 0 0 0 0 0 0 0 0 0 0 0 0 0 0 0 0 0 0 0 0 0 0 0 0 0 0 0 0 0 0 0 0 0 0 0 0 0 0 0 0 0 0 0 0 0 0 0 0 0 0 0 0 
0 0 0 0 0 0 0 0 0 0 0 0 0 0 0 0 0 0 0 0 0 0 0 0 0 0 0 0 0 0 0 0 0 0 0 0 0 0 0 0 0 0 0 0 0 0 0 0 0 0 0 0 0 0 0 0 0 0 0 0 0 0 0 0 0 0 0 0 0 0 0 0 0 0 0 0 0 0 0 0 0 0 0 0 0 0 0 0 0 0 0 0 0 0 0 0 0 0 0 0 
0 0 0 0 0 0 0 0 0 0 0 0 0 0 0 0 0 0 0 0 0 0 0 0 0 0 0 0 0 0 0 0 0 0 0 0 0 0 0 0 0 0 0 0 0 0 0 0 0 0 0 0 0 0 0 0 0 0 0 0 0 0 0 0 0 0 0 0 0 0 0 0 0 0 0 0 0 0 0 0 0 0 0 0 0 0 0 0 0 0 0 0 0 0 0 0 0 0 0 0 
0 0 0 0 0 0 0 0 0 0 0 0 0 0 0 0 0 0 0 0 0 0 0 0 0 0 0 0 0 0 0 0 0 0 0 0 0 0 0 0 0 0 0 0 0 0 0 0 0 0 0 0 0 0 0 0 0 0 0 0 0 0 0 0 0 0 0 0 0 0 0 0 0 0 0 0 0 0 0 0 0 0 0 0 0 0 0 0 0 0 0 0 0 0 0 0 0 0 0 0 
0 0 0 0 0 0 0 0 0 0 0 0 0 0 0 0 0 0 0 0 0 0 0 0 0 0 0 0 0 0 0 0 0 0 0 0 0 0 0 0 0 0 0 0 0 0 0 0 0 0 0 0 0 0 0 0 0 0 0 0 0 0 0 0 0 0 0 0 0 0 0 0 0 0 0 0 0 0 0 0 0 0 0 0 0 0 0 0 0 0 0 0 0 0 0 0 0 0 0 0 
0 0 0 0 0 0 0 0 0 0 0 0 0 0 0 0 0 0 0 0 0 0 0 0 0 0 0 0 0 0 0 0 0 0 0 0 0 0 0 0 0 0 0 0 0 0 0 0 0 0 0 0 0 0 0 0 0 0 0 0 0 0 0 0 0 0 0 0 0 0 0 0 0 0 0 0 0 0 0 0 0 0 0 0 0 0 0 0 0 0 0 0 0 0 0 0 0 0 0 0 
0 0 0 0 0 0 0 0 0 0 0 0 0 0 0 0 0 0 0 0 0 0 0 0 0 0 0 0 0 0 0 0 0 0 0 0 0 0 0 0 0 0 0 0 0 0 0 0 0 0 0 0 0 0 0 0 0 0 0 0 0 0 0 0 0 0 0 0 0 0 0 0 0 0 0 0 0 0 0 0 0 0 0 0 0 0 0 0 0 0 0 0 0 0 0 0 0 0 0 0 
0 0 0 0 0 0 0 0 0 0 0 0 0 0 0 0 0 0 0 0 0 0 0 0 0 0 0 0 0 0 0 0 0 0 0 0 0 0 0 0 0 0 0 0 0 0 0 0 0 0 0 0 0 0 0 0 0 0 0 0 0 0 0 0 0 0 0 0 0 0 0 0 0 0 0 0 0 0 0 0 0 0 0 0 0 0 0 0 0 0 0 0 0 0 0 0 0 0 0 0 
0 0 0 0 0 0 0 0 0 0 0 0 0 0 0 0 0 0 0 0 0 0 0 0 0 0 0 0 0 0 0 0 0 0 0 0 0 0 0 0 0 0 0 0 0 0 0 0 0 0 0 0 0 0 0 0 0 0 0 0 0 0 0 0 0 0 0 0 0 0 0 0 0 0 0 0 0 0 0 0 0 0 0 0 0 0 0 0 0 0 0 0 0 0 0 0 0 0 0 0 
0 0 0 0 0 0 0 0 0 0 0 0 0 0 0 0 0 0 0 0 0 0 0 0 0 0 0 0 0 0 0 0 0 0 0 0 0 0 0 0 0 0 0 0 0 0 0 0 0 0 0 0 0 0 0 0 0 0 0 0 0 0 0 0 0 0 0 0 0 0 0 0 0 0 0 0 0 0 0 0 0 0 0 0 0 0 0 0 0 0 0 0 0 0 0 0 0 0 0 0 
0 0 0 0 0 0 0 0 0 0 0 0 0 0 0 0 0 0 0 0 0 0 0 0 0 0 0 0 0 0 0 0 0 0 0 0 0 0 0 0 0 0 0 0 0 0 0 0 0 0 0 0 0 0 0 0 0 0 0 0 0 0 0 0 0 0 0 0 0 0 0 0 0 0 0 0 0 0 0 0 0 0 0 0 0 0 0 0 0 0 0 0 0 0 0 0 0 0 0 0 
0 0 0 0 0 0 0 0 0 0 0 0 0 0 0 0 0 0 0 0 0 0 0 0 0 0 0 0 0 0 0 0 0 0 0 0 0 0 0 0 0 0 0 0 0 0 0 0 0 0 0 0 0 0 0 0 0 0 0 0 0 0 0 0 0 0 0 0 0 0 0 0 0 0 0 0 0 0 0 0 0 0 0 0 0 0 0 0 0 0 0 0 0 0 0 0 0 0 0 0 
0 0 0 0 0 0 0 0 0 0 0 0 0 0 0 0 0 0 0 0 0 0 0 0 0 0 0 0 0 0 0 0 0 0 0 0 0 0 0 0 0 0 0 0 0 0 0 0 0 0 0 0 0 0 0 0 0 0 0 0 0 0 0 0 0 0 0 0 0 0 0 0 0 0 0 0 0 0 0 0 0 0 0 0 0 0 0 0 0 0 0 0 0 0 0 0 0 0 0 0 
0 0 0 0 0 0 0 0 0 0 0 0 0 0 0 0 0 0 0 0 0 0 0 0 0 0 0 0 0 0 0 0 0 0 0 0 0 0 0 0 0 0 0 0 0 0 0 0 0 0 0 0 0 0 0 0 0 0 0 0 0 0 0 0 0 0 0 0 0 0 0 0 0 0 0 0 0 0 0 0 0 0 0 0 0 0 0 0 0 0 0 0 0 0 0 0 0 0 0 0 
0 0 0 0 0 0 0 0 0 0 0 0 0 0 0 0 0 0 0 0 0 0 0 0 0 0 0 0 0 0 0 0 0 0 0 0 0 0 0 0 0 0 0 0 0 0 0 0 0 0 0 0 0 0 0 0 0 0 0 0 0 0 0 0 0 0 0 0 0 0 0 0 0 0 0 0 0 0 0 0 0 0 0 0 0 0 0 0 0 0 0 0 0 0 0 0 0 0 0 0 
0 0 0 0 0 0 0 0 0 0 0 0 0 0 0 0 0 0 0 0 0 0 0 0 0 0 0 0 0 0 0 0 0 0 0 0 0 0 0 0 0 0 0 0 0 0 0 0 0 0 0 0 0 0 0 0 0 0 0 0 0 0 0 0 0 0 0 0 0 0 0 0 0 0 0 0 0 0 0 0 0 0 0 0 0 0 0 0 0 0 0 0 0 0 0 0 0 0 0 0 
