# Format: McCode with text headers
# URL: http://www.mccode.org
# Creator:  3.7.12, git
# Instrument: /opt/homebrew/Caskroom/miniconda/base/envs/mcstas/share/mcstas/resources/examples/Templates/templateSANS/templateSANS.instr
# Ncount: 1000000
# Trace: no
# Gravitation: no
# Seed: 1234
# Directory: /Users/ldq/Work/McStasBench/benchmark/refcache/P1_sans_reproduce_work/ref_20260724_105851_74491_1
# Param: lambda=6
# Param: dlambda=0.05
# Param: r=100
# Param: PHI=0.001
# Param: Delta_Rho=0.6
# Param: sigma_abs=0.5
# Date: Fri Jul 24 10:58:53 2026 (1784908733)
# type: array_1d(1000)
# Source: templateSANS (/opt/homebrew/Caskroom/miniconda/base/envs/mcstas/share/mcstas/resources/examples/Templates/templateSANS/templateSANS.instr)
# component: Ldetector
# position: 0 0 9.21
# title: Wavelength monitor
# Ncount: 1000000
# filename: Edet.dat
# statistics: X0=6.00028; dX=0.0288022;
# signal: Min=0; Max=0.000515101; Mean=4.51701e-05;
# values: 0.0451701 0.000265475 469789
# xvar: L
# yvar: (I,I_err)
# xlabel: Wavelength [AA]
# ylabel: Intensity
# xlimits: 5.5 6.5
# variables: L I I_err N
5.5005 0 0 0 
5.5015 0 0 0 
5.5025 0 0 0 
5.5035 0 0 0 
5.5045 0 0 0 
5.5055 0 0 0 
5.5065 0 0 0 
5.5075 0 0 0 
5.5085 0 0 0 
5.5095 0 0 0 
5.5105 0 0 0 
5.5115 0 0 0 
5.5125 0 0 0 
5.5135 0 0 0 
5.5145 0 0 0 
5.5155 0 0 0 
5.5165 0 0 0 
5.5175 0 0 0 
5.5185 0 0 0 
5.5195 0 0 0 
5.5205 0 0 0 
5.5215 0 0 0 
5.5225 0 0 0 
5.5235 0 0 0 
5.5245 0 0 0 
5.5255 0 0 0 
5.5265 0 0 0 
5.5275 0 0 0 
5.5285 0 0 0 
5.5295 0 0 0 
5.5305 0 0 0 
5.5315 0 0 0 
5.5325 0 0 0 
5.5335 0 0 0 
5.5345 0 0 0 
5.5355 0 0 0 
5.5365 0 0 0 
5.5375 0 0 0 
5.5385 0 0 0 
5.5395 0 0 0 
5.5405 0 0 0 
5.5415 0 0 0 
5.5425 0 0 0 
5.5435 0 0 0 
5.5445 0 0 0 
5.5455 0 0 0 
5.5465 0 0 0 
5.5475 0 0 0 
5.5485 0 0 0 
5.5495 0 0 0 
5.5505 0 0 0 
5.5515 0 0 0 
5.5525 0 0 0 
5.5535 0 0 0 
5.5545 0 0 0 
5.5555 0 0 0 
5.5565 0 0 0 
5.5575 0 0 0 
5.5585 0 0 0 
5.5595 0 0 0 
5.5605 0 0 0 
5.5615 0 0 0 
5.5625 0 0 0 
5.5635 0 0 0 
5.5645 0 0 0 
5.5655 0 0 0 
5.5665 0 0 0 
5.5675 0 0 0 
5.5685 0 0 0 
5.5695 0 0 0 
5.5705 0 0 0 
5.5715 0 0 0 
5.5725 0 0 0 
5.5735 0 0 0 
5.5745 0 0 0 
5.5755 0 0 0 
5.5765 0 0 0 
5.5775 0 0 0 
5.5785 0 0 0 
5.5795 0 0 0 
5.5805 0 0 0 
5.5815 0 0 0 
5.5825 0 0 0 
5.5835 0 0 0 
5.5845 0 0 0 
5.5855 0 0 0 
5.5865 0 0 0 
5.5875 0 0 0 
5.5885 0 0 0 
5.5895 0 0 0 
5.5905 0 0 0 
5.5915 0 0 0 
5.5925 0 0 0 
5.5935 0 0 0 
5.5945 0 0 0 
5.5955 0 0 0 
5.5965 0 0 0 
5.5975 0 0 0 
5.5985 0 0 0 
5.5995 0 0 0 
5.6005 0 0 0 
5.6015 0 0 0 
5.6025 0 0 0 
5.6035 0 0 0 
5.6045 0 0 0 
5.6055 0 0 0 
5.6065 0 0 0 
5.6075 0 0 0 
5.6085 0 0 0 
5.6095 0 0 0 
5.6105 0 0 0 
5.6115 0 0 0 
5.6125 0 0 0 
5.6135 0 0 0 
5.6145 0 0 0 
5.6155 0 0 0 
5.6165 0 0 0 
5.6175 0 0 0 
5.6185 0 0 0 
5.6195 0 0 0 
5.6205 0 0 0 
5.6215 0 0 0 
5.6225 0 0 0 
5.6235 0 0 0 
5.6245 0 0 0 
5.6255 0 0 0 
5.6265 0 0 0 
5.6275 0 0 0 
5.6285 0 0 0 
5.6295 0 0 0 
5.6305 0 0 0 
5.6315 0 0 0 
5.6325 0 0 0 
5.6335 0 0 0 
5.6345 0 0 0 
5.6355 0 0 0 
5.6365 0 0 0 
5.6375 0 0 0 
5.6385 0 0 0 
5.6395 0 0 0 
5.6405 0 0 0 
5.6415 0 0 0 
5.6425 0 0 0 
5.6435 0 0 0 
5.6445 0 0 0 
5.6455 0 0 0 
5.6465 0 0 0 
5.6475 0 0 0 
5.6485 0 0 0 
5.6495 0 0 0 
5.6505 0 0 0 
5.6515 0 0 0 
5.6525 0 0 0 
5.6535 0 0 0 
5.6545 0 0 0 
5.6555 0 0 0 
5.6565 0 0 0 
5.6575 0 0 0 
5.6585 0 0 0 
5.6595 0 0 0 
5.6605 0 0 0 
5.6615 0 0 0 
5.6625 0 0 0 
5.6635 0 0 0 
5.6645 0 0 0 
5.6655 0 0 0 
5.6665 0 0 0 
5.6675 0 0 0 
5.6685 0 0 0 
5.6695 0 0 0 
5.6705 0 0 0 
5.6715 0 0 0 
5.6725 0 0 0 
5.6735 0 0 0 
5.6745 0 0 0 
5.6755 0 0 0 
5.6765 0 0 0 
5.6775 0 0 0 
5.6785 0 0 0 
5.6795 0 0 0 
5.6805 0 0 0 
5.6815 0 0 0 
5.6825 0 0 0 
5.6835 0 0 0 
5.6845 0 0 0 
5.6855 0 0 0 
5.6865 0 0 0 
5.6875 0 0 0 
5.6885 0 0 0 
5.6895 0 0 0 
5.6905 0 0 0 
5.6915 0 0 0 
5.6925 0 0 0 
5.6935 0 0 0 
5.6945 0 0 0 
5.6955 0 0 0 
5.6965 0 0 0 
5.6975 0 0 0 
5.6985 0 0 0 
5.6995 0 0 0 
5.7005 0 0 0 
5.7015 0 0 0 
5.7025 0 0 0 
5.7035 0 0 0 
5.7045 0 0 0 
5.7055 0 0 0 
5.7065 0 0 0 
5.7075 0 0 0 
5.7085 0 0 0 
5.7095 0 0 0 
5.7105 0 0 0 
5.7115 0 0 0 
5.7125 0 0 0 
5.7135 0 0 0 
5.7145 0 0 0 
5.7155 0 0 0 
5.7165 0 0 0 
5.7175 0 0 0 
5.7185 0 0 0 
5.7195 0 0 0 
5.7205 0 0 0 
5.7215 0 0 0 
5.7225 0 0 0 
5.7235 0 0 0 
5.7245 0 0 0 
5.7255 0 0 0 
5.7265 0 0 0 
5.7275 0 0 0 
5.7285 0 0 0 
5.7295 0 0 0 
5.7305 0 0 0 
5.7315 0 0 0 
5.7325 0 0 0 
5.7335 0 0 0 
5.7345 0 0 0 
5.7355 0 0 0 
5.7365 0 0 0 
5.7375 0 0 0 
5.7385 0 0 0 
5.7395 0 0 0 
5.7405 0 0 0 
5.7415 0 0 0 
5.7425 0 0 0 
5.7435 0 0 0 
5.7445 0 0 0 
5.7455 0 0 0 
5.7465 0 0 0 
5.7475 0 0 0 
5.7485 0 0 0 
5.7495 0 0 0 
5.7505 0 0 0 
5.7515 0 0 0 
5.7525 0 0 0 
5.7535 0 0 0 
5.7545 0 0 0 
5.7555 0 0 0 
5.7565 0 0 0 
5.7575 0 0 0 
5.7585 0 0 0 
5.7595 0 0 0 
5.7605 0 0 0 
5.7615 0 0 0 
5.7625 0 0 0 
5.7635 0 0 0 
5.7645 0 0 0 
5.7655 0 0 0 
5.7665 0 0 0 
5.7675 0 0 0 
5.7685 0 0 0 
5.7695 0 0 0 
5.7705 0 0 0 
5.7715 0 0 0 
5.7725 0 0 0 
5.7735 0 0 0 
5.7745 0 0 0 
5.7755 0 0 0 
5.7765 0 0 0 
5.7775 0 0 0 
5.7785 0 0 0 
5.7795 0 0 0 
5.7805 0 0 0 
5.7815 0 0 0 
5.7825 0 0 0 
5.7835 0 0 0 
5.7845 0 0 0 
5.7855 0 0 0 
5.7865 0 0 0 
5.7875 0 0 0 
5.7885 0 0 0 
5.7895 0 0 0 
5.7905 0 0 0 
5.7915 0 0 0 
5.7925 0 0 0 
5.7935 0 0 0 
5.7945 0 0 0 
5.7955 0 0 0 
5.7965 0 0 0 
5.7975 0 0 0 
5.7985 0 0 0 
5.7995 0 0 0 
5.8005 0 0 0 
5.8015 0 0 0 
5.8025 0 0 0 
5.8035 0 0 0 
5.8045 0 0 0 
5.8055 0 0 0 
5.8065 0 0 0 
5.8075 0 0 0 
5.8085 0 0 0 
5.8095 0 0 0 
5.8105 0 0 0 
5.8115 0 0 0 
5.8125 0 0 0 
5.8135 0 0 0 
5.8145 0 0 0 
5.8155 0 0 0 
5.8165 0 0 0 
5.8175 0 0 0 
5.8185 0 0 0 
5.8195 0 0 0 
5.8205 0 0 0 
5.8215 0 0 0 
5.8225 0 0 0 
5.8235 0 0 0 
5.8245 0 0 0 
5.8255 0 0 0 
5.8265 0 0 0 
5.8275 0 0 0 
5.8285 0 0 0 
5.8295 0 0 0 
5.8305 0 0 0 
5.8315 0 0 0 
5.8325 0 0 0 
5.8335 0 0 0 
5.8345 0 0 0 
5.8355 0 0 0 
5.8365 0 0 0 
5.8375 0 0 0 
5.8385 0 0 0 
5.8395 0 0 0 
5.8405 0 0 0 
5.8415 0 0 0 
5.8425 0 0 0 
5.8435 0 0 0 
5.8445 0 0 0 
5.8455 0 0 0 
5.8465 0 0 0 
5.8475 0 0 0 
5.8485 0 0 0 
5.8495 0 0 0 
5.8505 0 0 0 
5.8515 0 0 0 
5.8525 0 0 0 
5.8535 0 0 0 
5.8545 0 0 0 
5.8555 0 0 0 
5.8565 0 0 0 
5.8575 0 0 0 
5.8585 0 0 0 
5.8595 0 0 0 
5.8605 0 0 0 
5.8615 0 0 0 
5.8625 0 0 0 
5.8635 0 0 0 
5.8645 0 0 0 
5.8655 0 0 0 
5.8665 0 0 0 
5.8675 0 0 0 
5.8685 0 0 0 
5.8695 0 0 0 
5.8705 0 0 0 
5.8715 0 0 0 
5.8725 0 0 0 
5.8735 0 0 0 
5.8745 0 0 0 
5.8755 0 0 0 
5.8765 0 0 0 
5.8775 0 0 0 
5.8785 0 0 0 
5.8795 0 0 0 
5.8805 0 0 0 
5.8815 0 0 0 
5.8825 0 0 0 
5.8835 0 0 0 
5.8845 0 0 0 
5.8855 0 0 0 
5.8865 0 0 0 
5.8875 0 0 0 
5.8885 0 0 0 
5.8895 0 0 0 
5.8905 0 0 0 
5.8915 0 0 0 
5.8925 0 0 0 
5.8935 0 0 0 
5.8945 0 0 0 
5.8955 0 0 0 
5.8965 0 0 0 
5.8975 0 0 0 
5.8985 0 0 0 
5.8995 0 0 0 
5.9005 0 0 0 
5.9015 0 0 0 
5.9025 0 0 0 
5.9035 0 0 0 
5.9045 0 0 0 
5.9055 0 0 0 
5.9065 0 0 0 
5.9075 0 0 0 
5.9085 0 0 0 
5.9095 0 0 0 
5.9105 0 0 0 
5.9115 0 0 0 
5.9125 0 0 0 
5.9135 0 0 0 
5.9145 0 0 0 
5.9155 0 0 0 
5.9165 0 0 0 
5.9175 0 0 0 
5.9185 0 0 0 
5.9195 0 0 0 
5.9205 0 0 0 
5.9215 0 0 0 
5.9225 0 0 0 
5.9235 0 0 0 
5.9245 0 0 0 
5.9255 0 0 0 
5.9265 0 0 0 
5.9275 0 0 0 
5.9285 0 0 0 
5.9295 0 0 0 
5.9305 0 0 0 
5.9315 0 0 0 
5.9325 0 0 0 
5.9335 0 0 0 
5.9345 0 0 0 
5.9355 0 0 0 
5.9365 0 0 0 
5.9375 0 0 0 
5.9385 0 0 0 
5.9395 0 0 0 
5.9405 0 0 0 
5.9415 0 0 0 
5.9425 0 0 0 
5.9435 0 0 0 
5.9445 0 0 0 
5.9455 0 0 0 
5.9465 0 0 0 
5.9475 0 0 0 
5.9485 0 0 0 
5.9495 0 0 0 
5.9505 0.0004557554619 2.720438431e-05 4987 
5.9515 0.0004585830176 2.658907181e-05 4770 
5.9525 0.0004893501982 2.735300047e-05 5347 
5.9535 0.0004300084937 2.577080291e-05 4680 
5.9545 0.0004346955038 2.621997062e-05 4444 
5.9555 0.000471819964 2.678628856e-05 4995 
5.9565 0.0004142069385 2.470296304e-05 4744 
5.9575 0.0004144438075 2.518676141e-05 4536 
5.9585 0.0004583704814 2.658081322e-05 4864 
5.9595 0.0004154144394 2.487817935e-05 4627 
5.9605 0.0004914761909 2.786652005e-05 4778 
5.9615 0.0004529594812 2.716906979e-05 4766 
5.9625 0.0004064992989 2.46375694e-05 4551 
5.9635 0.0004465856182 2.645494069e-05 4575 
5.9645 0.0004307256253 2.670769305e-05 4379 
5.9655 0.0004036505508 2.492180646e-05 4368 
5.9665 0.0005151014703 2.819232931e-05 5059 
5.9675 0.0004428974128 2.588558208e-05 4849 
5.9685 0.0004138876016 2.534437411e-05 4420 
5.9695 0.0004328597153 2.604003679e-05 5006 
5.9705 0.0004307063649 2.576526343e-05 4585 
5.9715 0.0004233885683 2.593278306e-05 4452 
5.9725 0.0004422887763 2.648270078e-05 4869 
5.9735 0.0004342652693 2.598245174e-05 4618 
5.9745 0.0004158017185 2.544519677e-05 4674 
5.9755 0.0004580511081 2.648190744e-05 4991 
5.9765 0.0004811636695 2.713858164e-05 5031 
5.9775 0.0004395124842 2.590999496e-05 4639 
5.9785 0.0004201101345 2.492618812e-05 4717 
5.9795 0.0004555850198 2.687922602e-05 4539 
5.9805 0.0004873797763 2.838950629e-05 4700 
5.9815 0.0004609066176 2.644620211e-05 4757 
5.9825 0.0004305855774 2.566527645e-05 4896 
5.9835 0.0004295996798 2.61655946e-05 4475 
5.9845 0.0004887169936 2.745371434e-05 4814 
5.9855 0.0004253843242 2.543812913e-05 4480 
5.9865 0.0004582753312 2.663586827e-05 4911 
5.9875 0.0004374011362 2.615325714e-05 4407 
5.9885 0.0004772498708 2.716464876e-05 4974 
5.9895 0.0004662930988 2.685352581e-05 5021 
5.9905 0.0003866392857 2.442122468e-05 4329 
5.9915 0.000461661776 2.707022408e-05 4624 
5.9925 0.0004919712657 2.820620689e-05 4766 
5.9935 0.0004937162073 2.718622629e-05 5001 
5.9945 0.0005124528439 2.91550941e-05 4768 
5.9955 0.0004570790127 2.630186341e-05 4612 
5.9965 0.0004660048623 2.760145869e-05 4503 
5.9975 0.0003946249123 2.44517163e-05 4458 
5.9985 0.000471418332 2.685492262e-05 4866 
5.9995 0.0004296809041 2.536308132e-05 4898 
6.0005 0.0004323545908 2.662468882e-05 4397 
6.0015 0.0004483063893 2.667955455e-05 4583 
6.0025 0.0004360008867 2.587344413e-05 4671 
6.0035 0.0004647089645 2.806220285e-05 4686 
6.0045 0.0004660785503 2.694772536e-05 4596 
6.0055 0.0004505506039 2.657309591e-05 4566 
6.0065 0.0004949109777 2.827310732e-05 4900 
6.0075 0.0004294893792 2.544780453e-05 4832 
6.0085 0.0004200989461 2.530104632e-05 4769 
6.0095 0.0004726541294 2.709372837e-05 4742 
6.0105 0.0004697219107 2.69908969e-05 4770 
6.0115 0.0004411847604 2.60559548e-05 4641 
6.0125 0.0004541248807 2.558867303e-05 4925 
6.0135 0.00044813357 2.693595205e-05 4374 
6.0145 0.0004311591331 2.618320198e-05 4454 
6.0155 0.000453109232 2.702169522e-05 4613 
6.0165 0.0004667096004 2.709963741e-05 4988 
6.0175 0.0004852311976 2.75586049e-05 4767 
6.0185 0.0004520732722 2.702179333e-05 4579 
6.0195 0.0004181553326 2.504309775e-05 4462 
6.0205 0.0004480248125 2.649180275e-05 4765 
6.0215 0.0004641959754 2.694201436e-05 4623 
6.0225 0.0004544249737 2.65144623e-05 4759 
6.0235 0.0004302813766 2.540810216e-05 4605 
6.0245 0.0004966929995 2.802161751e-05 4789 
6.0255 0.0004314921024 2.549934302e-05 4819 
6.0265 0.0004684976937 2.713481228e-05 4746 
6.0275 0.0004826739756 2.76622796e-05 4700 
6.0285 0.0004710307935 2.721296778e-05 4665 
6.0295 0.0004444367416 2.664244657e-05 4722 
6.0305 0.000478992805 2.71832562e-05 4625 
6.0315 0.0004680049106 2.754001452e-05 4825 
6.0325 0.0004490590511 2.682351961e-05 4628 
6.0335 0.0004507526901 2.655870122e-05 4642 
6.0345 0.0004860211332 2.781248543e-05 4507 
6.0355 0.0004681592285 2.677150097e-05 4941 
6.0365 0.0004673090083 2.690952927e-05 4619 
6.0375 0.0004470922219 2.677276281e-05 4348 
6.0385 0.0004285501437 2.631228567e-05 4410 
6.0395 0.0004772145912 2.757124887e-05 4553 
6.0405 0.0004768299307 2.695897373e-05 4792 
6.0415 0.0005084109871 2.77243738e-05 5196 
6.0425 0.0004487549359 2.667365739e-05 4457 
6.0435 0.0004659956109 2.763807119e-05 4505 
6.0445 0.0004889973903 2.791691942e-05 5171 
6.0455 0.0004158057155 2.533775693e-05 4745 
6.0465 0.0004327568272 2.601820019e-05 4535 
6.0475 0.0004059781379 2.45826835e-05 4373 
6.0485 0.0004481096662 2.596720161e-05 4763 
6.0495 0.0004235768599 2.582853686e-05 4526 
6.0505 0 0 0 
6.0515 0 0 0 
6.0525 0 0 0 
6.0535 0 0 0 
6.0545 0 0 0 
6.0555 0 0 0 
6.0565 0 0 0 
6.0575 0 0 0 
6.0585 0 0 0 
6.0595 0 0 0 
6.0605 0 0 0 
6.0615 0 0 0 
6.0625 0 0 0 
6.0635 0 0 0 
6.0645 0 0 0 
6.0655 0 0 0 
6.0665 0 0 0 
6.0675 0 0 0 
6.0685 0 0 0 
6.0695 0 0 0 
6.0705 0 0 0 
6.0715 0 0 0 
6.0725 0 0 0 
6.0735 0 0 0 
6.0745 0 0 0 
6.0755 0 0 0 
6.0765 0 0 0 
6.0775 0 0 0 
6.0785 0 0 0 
6.0795 0 0 0 
6.0805 0 0 0 
6.0815 0 0 0 
6.0825 0 0 0 
6.0835 0 0 0 
6.0845 0 0 0 
6.0855 0 0 0 
6.0865 0 0 0 
6.0875 0 0 0 
6.0885 0 0 0 
6.0895 0 0 0 
6.0905 0 0 0 
6.0915 0 0 0 
6.0925 0 0 0 
6.0935 0 0 0 
6.0945 0 0 0 
6.0955 0 0 0 
6.0965 0 0 0 
6.0975 0 0 0 
6.0985 0 0 0 
6.0995 0 0 0 
6.1005 0 0 0 
6.1015 0 0 0 
6.1025 0 0 0 
6.1035 0 0 0 
6.1045 0 0 0 
6.1055 0 0 0 
6.1065 0 0 0 
6.1075 0 0 0 
6.1085 0 0 0 
6.1095 0 0 0 
6.1105 0 0 0 
6.1115 0 0 0 
6.1125 0 0 0 
6.1135 0 0 0 
6.1145 0 0 0 
6.1155 0 0 0 
6.1165 0 0 0 
6.1175 0 0 0 
6.1185 0 0 0 
6.1195 0 0 0 
6.1205 0 0 0 
6.1215 0 0 0 
6.1225 0 0 0 
6.1235 0 0 0 
6.1245 0 0 0 
6.1255 0 0 0 
6.1265 0 0 0 
6.1275 0 0 0 
6.1285 0 0 0 
6.1295 0 0 0 
6.1305 0 0 0 
6.1315 0 0 0 
6.1325 0 0 0 
6.1335 0 0 0 
6.1345 0 0 0 
6.1355 0 0 0 
6.1365 0 0 0 
6.1375 0 0 0 
6.1385 0 0 0 
6.1395 0 0 0 
6.1405 0 0 0 
6.1415 0 0 0 
6.1425 0 0 0 
6.1435 0 0 0 
6.1445 0 0 0 
6.1455 0 0 0 
6.1465 0 0 0 
6.1475 0 0 0 
6.1485 0 0 0 
6.1495 0 0 0 
6.1505 0 0 0 
6.1515 0 0 0 
6.1525 0 0 0 
6.1535 0 0 0 
6.1545 0 0 0 
6.1555 0 0 0 
6.1565 0 0 0 
6.1575 0 0 0 
6.1585 0 0 0 
6.1595 0 0 0 
6.1605 0 0 0 
6.1615 0 0 0 
6.1625 0 0 0 
6.1635 0 0 0 
6.1645 0 0 0 
6.1655 0 0 0 
6.1665 0 0 0 
6.1675 0 0 0 
6.1685 0 0 0 
6.1695 0 0 0 
6.1705 0 0 0 
6.1715 0 0 0 
6.1725 0 0 0 
6.1735 0 0 0 
6.1745 0 0 0 
6.1755 0 0 0 
6.1765 0 0 0 
6.1775 0 0 0 
6.1785 0 0 0 
6.1795 0 0 0 
6.1805 0 0 0 
6.1815 0 0 0 
6.1825 0 0 0 
6.1835 0 0 0 
6.1845 0 0 0 
6.1855 0 0 0 
6.1865 0 0 0 
6.1875 0 0 0 
6.1885 0 0 0 
6.1895 0 0 0 
6.1905 0 0 0 
6.1915 0 0 0 
6.1925 0 0 0 
6.1935 0 0 0 
6.1945 0 0 0 
6.1955 0 0 0 
6.1965 0 0 0 
6.1975 0 0 0 
6.1985 0 0 0 
6.1995 0 0 0 
6.2005 0 0 0 
6.2015 0 0 0 
6.2025 0 0 0 
6.2035 0 0 0 
6.2045 0 0 0 
6.2055 0 0 0 
6.2065 0 0 0 
6.2075 0 0 0 
6.2085 0 0 0 
6.2095 0 0 0 
6.2105 0 0 0 
6.2115 0 0 0 
6.2125 0 0 0 
6.2135 0 0 0 
6.2145 0 0 0 
6.2155 0 0 0 
6.2165 0 0 0 
6.2175 0 0 0 
6.2185 0 0 0 
6.2195 0 0 0 
6.2205 0 0 0 
6.2215 0 0 0 
6.2225 0 0 0 
6.2235 0 0 0 
6.2245 0 0 0 
6.2255 0 0 0 
6.2265 0 0 0 
6.2275 0 0 0 
6.2285 0 0 0 
6.2295 0 0 0 
6.2305 0 0 0 
6.2315 0 0 0 
6.2325 0 0 0 
6.2335 0 0 0 
6.2345 0 0 0 
6.2355 0 0 0 
6.2365 0 0 0 
6.2375 0 0 0 
6.2385 0 0 0 
6.2395 0 0 0 
6.2405 0 0 0 
6.2415 0 0 0 
6.2425 0 0 0 
6.2435 0 0 0 
6.2445 0 0 0 
6.2455 0 0 0 
6.2465 0 0 0 
6.2475 0 0 0 
6.2485 0 0 0 
6.2495 0 0 0 
6.2505 0 0 0 
6.2515 0 0 0 
6.2525 0 0 0 
6.2535 0 0 0 
6.2545 0 0 0 
6.2555 0 0 0 
6.2565 0 0 0 
6.2575 0 0 0 
6.2585 0 0 0 
6.2595 0 0 0 
6.2605 0 0 0 
6.2615 0 0 0 
6.2625 0 0 0 
6.2635 0 0 0 
6.2645 0 0 0 
6.2655 0 0 0 
6.2665 0 0 0 
6.2675 0 0 0 
6.2685 0 0 0 
6.2695 0 0 0 
6.2705 0 0 0 
6.2715 0 0 0 
6.2725 0 0 0 
6.2735 0 0 0 
6.2745 0 0 0 
6.2755 0 0 0 
6.2765 0 0 0 
6.2775 0 0 0 
6.2785 0 0 0 
6.2795 0 0 0 
6.2805 0 0 0 
6.2815 0 0 0 
6.2825 0 0 0 
6.2835 0 0 0 
6.2845 0 0 0 
6.2855 0 0 0 
6.2865 0 0 0 
6.2875 0 0 0 
6.2885 0 0 0 
6.2895 0 0 0 
6.2905 0 0 0 
6.2915 0 0 0 
6.2925 0 0 0 
6.2935 0 0 0 
6.2945 0 0 0 
6.2955 0 0 0 
6.2965 0 0 0 
6.2975 0 0 0 
6.2985 0 0 0 
6.2995 0 0 0 
6.3005 0 0 0 
6.3015 0 0 0 
6.3025 0 0 0 
6.3035 0 0 0 
6.3045 0 0 0 
6.3055 0 0 0 
6.3065 0 0 0 
6.3075 0 0 0 
6.3085 0 0 0 
6.3095 0 0 0 
6.3105 0 0 0 
6.3115 0 0 0 
6.3125 0 0 0 
6.3135 0 0 0 
6.3145 0 0 0 
6.3155 0 0 0 
6.3165 0 0 0 
6.3175 0 0 0 
6.3185 0 0 0 
6.3195 0 0 0 
6.3205 0 0 0 
6.3215 0 0 0 
6.3225 0 0 0 
6.3235 0 0 0 
6.3245 0 0 0 
6.3255 0 0 0 
6.3265 0 0 0 
6.3275 0 0 0 
6.3285 0 0 0 
6.3295 0 0 0 
6.3305 0 0 0 
6.3315 0 0 0 
6.3325 0 0 0 
6.3335 0 0 0 
6.3345 0 0 0 
6.3355 0 0 0 
6.3365 0 0 0 
6.3375 0 0 0 
6.3385 0 0 0 
6.3395 0 0 0 
6.3405 0 0 0 
6.3415 0 0 0 
6.3425 0 0 0 
6.3435 0 0 0 
6.3445 0 0 0 
6.3455 0 0 0 
6.3465 0 0 0 
6.3475 0 0 0 
6.3485 0 0 0 
6.3495 0 0 0 
6.3505 0 0 0 
6.3515 0 0 0 
6.3525 0 0 0 
6.3535 0 0 0 
6.3545 0 0 0 
6.3555 0 0 0 
6.3565 0 0 0 
6.3575 0 0 0 
6.3585 0 0 0 
6.3595 0 0 0 
6.3605 0 0 0 
6.3615 0 0 0 
6.3625 0 0 0 
6.3635 0 0 0 
6.3645 0 0 0 
6.3655 0 0 0 
6.3665 0 0 0 
6.3675 0 0 0 
6.3685 0 0 0 
6.3695 0 0 0 
6.3705 0 0 0 
6.3715 0 0 0 
6.3725 0 0 0 
6.3735 0 0 0 
6.3745 0 0 0 
6.3755 0 0 0 
6.3765 0 0 0 
6.3775 0 0 0 
6.3785 0 0 0 
6.3795 0 0 0 
6.3805 0 0 0 
6.3815 0 0 0 
6.3825 0 0 0 
6.3835 0 0 0 
6.3845 0 0 0 
6.3855 0 0 0 
6.3865 0 0 0 
6.3875 0 0 0 
6.3885 0 0 0 
6.3895 0 0 0 
6.3905 0 0 0 
6.3915 0 0 0 
6.3925 0 0 0 
6.3935 0 0 0 
6.3945 0 0 0 
6.3955 0 0 0 
6.3965 0 0 0 
6.3975 0 0 0 
6.3985 0 0 0 
6.3995 0 0 0 
6.4005 0 0 0 
6.4015 0 0 0 
6.4025 0 0 0 
6.4035 0 0 0 
6.4045 0 0 0 
6.4055 0 0 0 
6.4065 0 0 0 
6.4075 0 0 0 
6.4085 0 0 0 
6.4095 0 0 0 
6.4105 0 0 0 
6.4115 0 0 0 
6.4125 0 0 0 
6.4135 0 0 0 
6.4145 0 0 0 
6.4155 0 0 0 
6.4165 0 0 0 
6.4175 0 0 0 
6.4185 0 0 0 
6.4195 0 0 0 
6.4205 0 0 0 
6.4215 0 0 0 
6.4225 0 0 0 
6.4235 0 0 0 
6.4245 0 0 0 
6.4255 0 0 0 
6.4265 0 0 0 
6.4275 0 0 0 
6.4285 0 0 0 
6.4295 0 0 0 
6.4305 0 0 0 
6.4315 0 0 0 
6.4325 0 0 0 
6.4335 0 0 0 
6.4345 0 0 0 
6.4355 0 0 0 
6.4365 0 0 0 
6.4375 0 0 0 
6.4385 0 0 0 
6.4395 0 0 0 
6.4405 0 0 0 
6.4415 0 0 0 
6.4425 0 0 0 
6.4435 0 0 0 
6.4445 0 0 0 
6.4455 0 0 0 
6.4465 0 0 0 
6.4475 0 0 0 
6.4485 0 0 0 
6.4495 0 0 0 
6.4505 0 0 0 
6.4515 0 0 0 
6.4525 0 0 0 
6.4535 0 0 0 
6.4545 0 0 0 
6.4555 0 0 0 
6.4565 0 0 0 
6.4575 0 0 0 
6.4585 0 0 0 
6.4595 0 0 0 
6.4605 0 0 0 
6.4615 0 0 0 
6.4625 0 0 0 
6.4635 0 0 0 
6.4645 0 0 0 
6.4655 0 0 0 
6.4665 0 0 0 
6.4675 0 0 0 
6.4685 0 0 0 
6.4695 0 0 0 
6.4705 0 0 0 
6.4715 0 0 0 
6.4725 0 0 0 
6.4735 0 0 0 
6.4745 0 0 0 
6.4755 0 0 0 
6.4765 0 0 0 
6.4775 0 0 0 
6.4785 0 0 0 
6.4795 0 0 0 
6.4805 0 0 0 
6.4815 0 0 0 
6.4825 0 0 0 
6.4835 0 0 0 
6.4845 0 0 0 
6.4855 0 0 0 
6.4865 0 0 0 
6.4875 0 0 0 
6.4885 0 0 0 
6.4895 0 0 0 
6.4905 0 0 0 
6.4915 0 0 0 
6.4925 0 0 0 
6.4935 0 0 0 
6.4945 0 0 0 
6.4955 0 0 0 
6.4965 0 0 0 
6.4975 0 0 0 
6.4985 0 0 0 
6.4995 0 0 0 
