# Format: McCode with text headers
# URL: http://www.mccode.org
# Creator:  3.7.12, git
# Instrument: /opt/homebrew/Caskroom/miniconda/base/envs/mcstas/share/mcstas/resources/examples/Templates/templateSANS/templateSANS.instr
# Ncount: 1000000
# Trace: no
# Gravitation: no
# Seed: 1234
# Directory: /Users/ldq/Work/McStasBench/benchmark/refcache/P1_sans_reproduce_work/ref_20260724_105851_74491_1
# Param: lambda=6
# Param: dlambda=0.05
# Param: r=100
# Param: PHI=0.001
# Param: Delta_Rho=0.6
# Param: sigma_abs=0.5
# Date: Fri Jul 24 10:58:53 2026 (1784908733)
# type: array_1d(100)
# Source: templateSANS (/opt/homebrew/Caskroom/miniconda/base/envs/mcstas/share/mcstas/resources/examples/Templates/templateSANS/templateSANS.instr)
# component: PSDrad
# position: 0 0 9.22
# title: PSD monitor radial sum
# Ncount: 1000000
# filename: psd2.dat
# statistics: X0=0.0625842; dX=0.0358166;
# signal: Min=0; Max=0.00223988; Mean=0.000451139;
# values: 0.0451139 0.000265475 365945
# xvar: r
# yvar: (I,I_err)
# xlabel: Radius [m]
# ylabel: Intensity
# xlimits: 0.0015 0.3015
# variables: r I I_err N
0.003 0 0 0 
0.006 0 0 0 
0.009 0 0 0 
0.012 0 0 0 
0.015 0 0 0 
0.018 0 0 0 
0.021 8.756286488e-05 1.627828902e-05 29 
0.024 0.001554503941 6.721582725e-05 537 
0.027 0.001769150427 7.051097688e-05 633 
0.03 0.001954784996 7.278683433e-05 726 
0.033 0.002056709409 7.296169377e-05 801 
0.036 0.00211571688 7.248256252e-05 860 
0.039 0.002041863566 6.911410824e-05 885 
0.042 0.002211857569 7.011619848e-05 1009 
0.045 0.002171460534 6.738481188e-05 1055 
0.048 0.002239881839 6.604877514e-05 1171 
0.051 0.002165198404 6.279915054e-05 1216 
0.054 0.002134466326 6.003750658e-05 1297 
0.057 0.002079825785 5.65966501e-05 1392 
0.06 0.002021937162 5.385438058e-05 1459 
0.063 0.001925899492 4.983179985e-05 1553 
0.066 0.001794741362 4.604719283e-05 1588 
0.069 0.001631951958 4.136389779e-05 1631 
0.072 0.001479495429 3.713912977e-05 1675 
0.075 0.001407182278 3.424731051e-05 1800 
0.078 0.001272167182 3.064729773e-05 1850 
0.081 0.001160472174 2.725749876e-05 1960 
0.084 0.001046852042 2.404111115e-05 2076 
0.087 0.0008959451564 2.074778855e-05 2077 
0.09 0.0008185113109 1.836151286e-05 2235 
0.093 0.0006716625156 1.526235579e-05 2218 
0.096 0.0005642068732 1.266154339e-05 2329 
0.099 0.0004432037382 1.013424473e-05 2282 
0.102 0.0003650493573 8.326957205e-06 2384 
0.105 0.0003121209549 6.915256133e-06 2603 
0.108 0.0002335492348 5.332660401e-06 2583 
0.111 0.0001798808908 4.083581209e-06 2780 
0.114 0.0001290261751 3.04073504e-06 2753 
0.117 8.856743634e-05 2.176392e-06 2841 
0.12 6.049229999e-05 1.530216462e-06 2979 
0.123 3.483259304e-05 9.720950685e-07 2956 
0.126 2.032885415e-05 6.194231836e-07 3059 
0.129 1.209938529e-05 3.748451002e-07 3134 
0.132 8.777058153e-06 2.399658702e-07 3186 
0.135 9.842835897e-06 2.472649984e-07 3263 
0.138 1.49795664e-05 3.534320066e-07 3297 
0.141 2.266857478e-05 4.843175418e-07 3423 
0.144 3.355219273e-05 6.519052158e-07 3537 
0.147 4.215077672e-05 7.816030162e-07 3537 
0.15 5.373794334e-05 9.415788473e-07 3682 
0.153 6.589314836e-05 1.106335593e-06 3824 
0.156 7.475489536e-05 1.233922592e-06 3825 
0.159 8.167371668e-05 1.332384259e-06 3847 
0.162 8.925147699e-05 1.425548541e-06 3962 
0.165 9.368848489e-05 1.481786594e-06 4016 
0.168 9.438583542e-05 1.494636342e-06 3998 
0.171 9.511963415e-05 1.492834501e-06 4076 
0.174 9.666839584e-05 1.489103686e-06 4245 
0.177 9.426448811e-05 1.438030502e-06 4358 
0.18 8.869305266e-05 1.357194027e-06 4367 
0.183 8.220885636e-05 1.255651321e-06 4447 
0.186 7.539631649e-05 1.15004012e-06 4516 
0.189 6.70705512e-05 1.032582724e-06 4509 
0.192 5.836792697e-05 8.987474072e-07 4617 
0.195 5.04996094e-05 7.896942115e-07 4596 
0.198 4.238215636e-05 6.646667527e-07 4719 
0.201 3.491603422e-05 5.542710668e-07 4849 
0.204 2.778048438e-05 4.468269614e-07 5004 
0.207 2.115102282e-05 3.515614022e-07 4999 
0.21 1.51519533e-05 2.627970457e-07 5102 
0.213 1.051599733e-05 1.922922373e-07 5259 
0.216 6.753058634e-06 1.335305448e-07 5231 
0.219 3.947783393e-06 8.702944623e-08 5225 
0.222 2.327145867e-06 5.27739444e-08 5446 
0.225 1.821227601e-06 3.777055828e-08 5552 
0.228 2.08607161e-06 4.157909323e-08 5547 
0.231 3.126033507e-06 5.88589748e-08 5550 
0.234 4.933053871e-06 8.396808628e-08 5812 
0.237 6.899130673e-06 1.098492369e-07 5726 
0.24 9.478268086e-06 1.40911973e-07 5801 
0.243 1.240421415e-05 1.737157019e-07 6041 
0.246 1.535603445e-05 2.074305081e-07 6116 
0.249 1.743386417e-05 2.331841528e-07 6003 
0.252 2.027225064e-05 2.632269563e-07 6180 
0.255 2.206957823e-05 2.839300237e-07 6190 
0.258 2.411659267e-05 3.044475282e-07 6351 
0.261 2.398173844e-05 3.080104301e-07 6097 
0.264 2.572059292e-05 3.211373641e-07 6432 
0.267 2.61877295e-05 3.231495698e-07 6592 
0.27 2.59568332e-05 3.18394876e-07 6694 
0.273 2.424116517e-05 3.019010855e-07 6533 
0.276 2.319671536e-05 2.86962458e-07 6692 
0.279 2.15551839e-05 2.672389292e-07 6744 
0.282 1.982405785e-05 2.451095013e-07 6896 
0.285 1.7643759e-05 2.196780398e-07 6950 
0.288 1.540265734e-05 1.922797995e-07 7116 
0.291 1.279399424e-05 1.639695433e-07 6991 
0.294 1.050663336e-05 1.369069492e-07 7058 
0.297 8.645312127e-06 1.131505362e-07 7471 
0.3 6.560695332e-06 8.938714849e-08 7432 
