# Format: McCode with text headers
# URL: http://www.mccode.org
# Creator:  3.7.12, git
# Instrument: /opt/homebrew/Caskroom/miniconda/base/envs/mcstas/share/mcstas/resources/examples/ESS/ESS_IN5_reprate/ESS_IN5_reprate.instr
# Ncount: 1000000
# Trace: no
# Gravitation: no
# Seed: 1234
# Directory: /Users/ldq/Work/McStasBench/benchmark/refcache/T1_ESS_IN5_reprate_work/ref_20260724_152752_94648_1
# Param: Lmin=4.9
# Param: Lmax=5.1
# Param: lambda0=5
# Param: Pulse_width=0.002857
# Param: Num_pulses=1
# Param: GUI_start=2
# Param: FO1_DIST=6
# Param: L_ballistic_begin=19.5
# Param: L_ballistic_end=17
# Param: Length=100
# Param: SAMPLE_DIST=1.2
# Param: DETECTOR_DIST=4
# Param: GUI_h=0.105
# Param: GUI_w=0.1
# Param: GUI_GAP=0.05
# Param: H1=0.167
# Param: W1=0.116
# Param: H2=0.185
# Param: W2=0.15
# Param: H3=0.19
# Param: W3=0.15
# Param: H4=0.213
# Param: W4=0.14
# Param: H_chop=0.075
# Param: W_chop=0.03
# Param: H_end=0.042
# Param: W_end=0.0215
# Param: ALPHA=3.4
# Param: M=3.5
# Param: F_slow1=16.6667
# Param: F_slow2=0
# Param: F_fast1=0
# Param: F_fast2=200
# Param: N_fast=1
# Param: SLOW1_THETA=120
# Param: FO3=1
# Param: THETA_fast1=180
# Param: FAST_THETA=5
# Param: Gamma=0
# Param: Etun=1
# Param: V_HOLE=0
# Param: FRAC_QUASIEL=0
# Param: FRAC_TUNNEL=0
# Param: TT=50
# Param: RES_DE=0.5
# Param: cold=0.95
# Date: Fri Jul 24 15:28:00 2026 (1784924880)
# type: array_1d(200)
# Source: ESS_IN5_reprate (/opt/homebrew/Caskroom/miniconda/base/envs/mcstas/share/mcstas/resources/examples/ESS/ESS_IN5_reprate/ESS_IN5_reprate.instr)
# component: Lmonfast2_zoom
# position: 0 0 99.975
# title: Wavelength monitor
# Ncount: 1000000
# filename: Lmonfast2_zoom.dat
# statistics: X0=4.99878; dX=0.0577303;
# signal: Min=0; Max=1.30776e+08; Mean=5.915e+07;
# values: 1.183e+10 4.30394e+07 293324
# xvar: L
# yvar: (I,I_err)
# xlabel: Wavelength [AA]
# ylabel: Intensity
# xlimits: 4.8 5.2
# variables: L I I_err N
4.801 0 0 0 
4.803 0 0 0 
4.805 0 0 0 
4.807 0 0 0 
4.809 0 0 0 
4.811 0 0 0 
4.813 0 0 0 
4.815 0 0 0 
4.817 0 0 0 
4.819 0 0 0 
4.821 0 0 0 
4.823 0 0 0 
4.825 0 0 0 
4.827 0 0 0 
4.829 0 0 0 
4.831 0 0 0 
4.833 0 0 0 
4.835 0 0 0 
4.837 0 0 0 
4.839 0 0 0 
4.841 0 0 0 
4.843 0 0 0 
4.845 0 0 0 
4.847 0 0 0 
4.849 0 0 0 
4.851 0 0 0 
4.853 0 0 0 
4.855 0 0 0 
4.857 0 0 0 
4.859 0 0 0 
4.861 0 0 0 
4.863 0 0 0 
4.865 0 0 0 
4.867 0 0 0 
4.869 0 0 0 
4.871 0 0 0 
4.873 0 0 0 
4.875 0 0 0 
4.877 0 0 0 
4.879 0 0 0 
4.881 0 0 0 
4.883 0 0 0 
4.885 0 0 0 
4.887 0 0 0 
4.889 0 0 0 
4.891 0 0 0 
4.893 0 0 0 
4.895 0 0 0 
4.897 0 0 0 
4.899 0 0 0 
4.901 122656181.5 4511293.821 2910 
4.903 118466424.7 4469132.112 2874 
4.905 130776027.2 4681776.219 3005 
4.907 128357685.1 4626839.455 2925 
4.909 121045113.8 4443720.197 2845 
4.911 125511780.8 4552961.909 2923 
4.913 117846786.2 4396158.56 2754 
4.915 120580049.2 4458633.993 2928 
4.917 116413365.2 4374456.74 2892 
4.919 125321565 4567737.635 2910 
4.921 125232589.3 4580331.645 2953 
4.923 115524761.8 4382012.716 2827 
4.925 123139522.1 4501954.049 2919 
4.927 122130569.1 4484216.701 2871 
4.929 114715419.3 4358554.344 2865 
4.931 119649670.3 4425168.308 2858 
4.933 122922145.1 4509229.298 2934 
4.935 116875676.1 4335092.81 2836 
4.937 118084198.8 4392862.228 2905 
4.939 128222931.1 4576082.784 3024 
4.941 121091578.8 4415222.421 3001 
4.943 124651845.1 4462334.677 2829 
4.945 112219607.5 4262753.49 2754 
4.947 123215472.4 4474714.067 2846 
4.949 113935084.1 4280825.975 2879 
4.951 121252840.2 4391049.187 2913 
4.953 112029024.8 4232149.792 2879 
4.955 125644935.8 4490644.477 2940 
4.957 119810185.6 4389160.179 2949 
4.959 118275459.6 4347812.142 2899 
4.961 120345357.8 4397463.737 2907 
4.963 124083719 4452667.917 2931 
4.965 120382204.2 4397795.384 2810 
4.967 114092288.6 4265132.684 2933 
4.969 117361253.7 4342803.13 2895 
4.971 124305528.5 4476873.874 2959 
4.973 118764753.4 4325894.04 2974 
4.975 120022352.5 4350933.094 2931 
4.977 125535563.4 4466198.374 2883 
4.979 124016398 4425506.047 2895 
4.981 120468312 4408260.378 2939 
4.983 122716725.8 4392883.867 2879 
4.985 124398087.8 4419860.883 3007 
4.987 119437670.1 4356346.229 2950 
4.989 121902807.2 4389085.25 2941 
4.991 119804512.9 4369722.772 2916 
4.993 115791831 4283157.376 2913 
4.995 117399485 4280013.794 2978 
4.997 118121319.4 4288411.428 2950 
4.999 119542673.4 4302567.015 2974 
5.001 106531971.6 4071433.377 2870 
5.003 120484213.2 4331190.436 3011 
5.005 124239327 4412465.348 2952 
5.007 116742417.7 4257453.776 2863 
5.009 119635149.4 4311557.714 2959 
5.011 115597405 4206511.242 2887 
5.013 118493879.7 4298625.547 2959 
5.015 115681507.4 4269140.171 2883 
5.017 116982342.4 4272476.459 2933 
5.019 126302680.1 4418655.337 3049 
5.021 115933353.8 4220575.411 2912 
5.023 116341329.2 4225313.998 2966 
5.025 112892306.1 4134876.659 2896 
5.027 128864641.8 4450778.726 3038 
5.029 114156794.9 4184232.087 2925 
5.031 113151358.8 4150611.365 2951 
5.033 114273881.8 4178628.389 3007 
5.035 111468883.9 4130530.119 2947 
5.037 120473010.1 4307372.98 2998 
5.039 114257166.9 4163465.764 2973 
5.041 118969803.9 4276907.764 2908 
5.043 113042809.7 4150895.924 2957 
5.045 116918920.7 4222052.959 3034 
5.047 111553562 4105214.268 2919 
5.049 118712117.3 4246385.998 3037 
5.051 116746255.4 4192895.948 3007 
5.053 112801581.2 4097704.281 2931 
5.055 118630793.3 4201415.046 3019 
5.057 113149420.9 4121639.756 2903 
5.059 113979008.4 4144514.144 2959 
5.061 113351767 4112410.388 2978 
5.063 115114436.1 4134290.698 2960 
5.065 117809192.4 4203572.9 2942 
5.067 117049668.1 4166179.161 2941 
5.069 117573229.2 4135728.003 3134 
5.071 112284040.1 4104557.928 2928 
5.073 112585223.8 4098791.611 2930 
5.075 111530696 4072189.807 2953 
5.077 112854855.7 4090117.933 2931 
5.079 121285108.5 4260185.052 2972 
5.081 112184676.5 4092800.207 2925 
5.083 114213439.4 4146432.654 2900 
5.085 111202735.9 4068796.655 2930 
5.087 112193332.1 4064642.832 2961 
5.089 106397287.7 3972023.31 2886 
5.091 121256640.9 4262500.693 2980 
5.093 117555867.6 4180491.795 2967 
5.095 120445260.4 4240499.238 2997 
5.097 119249205.2 4186015.464 3114 
5.099 112765222.4 4074039.507 2930 
5.101 0 0 0 
5.103 0 0 0 
5.105 0 0 0 
5.107 0 0 0 
5.109 0 0 0 
5.111 0 0 0 
5.113 0 0 0 
5.115 0 0 0 
5.117 0 0 0 
5.119 0 0 0 
5.121 0 0 0 
5.123 0 0 0 
5.125 0 0 0 
5.127 0 0 0 
5.129 0 0 0 
5.131 0 0 0 
5.133 0 0 0 
5.135 0 0 0 
5.137 0 0 0 
5.139 0 0 0 
5.141 0 0 0 
5.143 0 0 0 
5.145 0 0 0 
5.147 0 0 0 
5.149 0 0 0 
5.151 0 0 0 
5.153 0 0 0 
5.155 0 0 0 
5.157 0 0 0 
5.159 0 0 0 
5.161 0 0 0 
5.163 0 0 0 
5.165 0 0 0 
5.167 0 0 0 
5.169 0 0 0 
5.171 0 0 0 
5.173 0 0 0 
5.175 0 0 0 
5.177 0 0 0 
5.179 0 0 0 
5.181 0 0 0 
5.183 0 0 0 
5.185 0 0 0 
5.187 0 0 0 
5.189 0 0 0 
5.191 0 0 0 
5.193 0 0 0 
5.195 0 0 0 
5.197 0 0 0 
5.199 0 0 0 
