# Format: McCode with text headers
# URL: http://www.mccode.org
# Creator:  3.7.12, git
# Instrument: /opt/homebrew/Caskroom/miniconda/base/envs/mcstas/share/mcstas/resources/examples/ESS/ESS_IN5_reprate/ESS_IN5_reprate.instr
# Ncount: 1000000
# Trace: no
# Gravitation: no
# Seed: 1234
# Directory: /Users/ldq/Work/McStasBench/benchmark/refcache/T1_ESS_IN5_reprate_work/ref_20260724_152752_94648_1
# Param: Lmin=4.9
# Param: Lmax=5.1
# Param: lambda0=5
# Param: Pulse_width=0.002857
# Param: Num_pulses=1
# Param: GUI_start=2
# Param: FO1_DIST=6
# Param: L_ballistic_begin=19.5
# Param: L_ballistic_end=17
# Param: Length=100
# Param: SAMPLE_DIST=1.2
# Param: DETECTOR_DIST=4
# Param: GUI_h=0.105
# Param: GUI_w=0.1
# Param: GUI_GAP=0.05
# Param: H1=0.167
# Param: W1=0.116
# Param: H2=0.185
# Param: W2=0.15
# Param: H3=0.19
# Param: W3=0.15
# Param: H4=0.213
# Param: W4=0.14
# Param: H_chop=0.075
# Param: W_chop=0.03
# Param: H_end=0.042
# Param: W_end=0.0215
# Param: ALPHA=3.4
# Param: M=3.5
# Param: F_slow1=16.6667
# Param: F_slow2=0
# Param: F_fast1=0
# Param: F_fast2=200
# Param: N_fast=1
# Param: SLOW1_THETA=120
# Param: FO3=1
# Param: THETA_fast1=180
# Param: FAST_THETA=5
# Param: Gamma=0
# Param: Etun=1
# Param: V_HOLE=0
# Param: FRAC_QUASIEL=0
# Param: FRAC_TUNNEL=0
# Param: TT=50
# Param: RES_DE=0.5
# Param: cold=0.95
# Date: Fri Jul 24 15:28:00 2026 (1784924880)
# type: array_1d(500)
# Source: ESS_IN5_reprate (/opt/homebrew/Caskroom/miniconda/base/envs/mcstas/share/mcstas/resources/examples/ESS/ESS_IN5_reprate/ESS_IN5_reprate.instr)
# component: TOFsample_zoom
# position: 0 0 102.175
# title: Time-of-flight monitor
# Ncount: 1000000
# filename: TOF_sample.dat
# statistics: X0=0; dX=0;
# signal: Min=0; Max=0; Mean=0;
# values: 0 0 0
# xvar: t
# yvar: (I,I_err)
# xlabel: Time-of-flight [\gms]
# ylabel: Intensity
# xlimits: 79504.4 179504
# variables: t I I_err N
79604.37707 0 0 0 
79804.37707 0 0 0 
80004.37707 0 0 0 
80204.37707 0 0 0 
80404.37707 0 0 0 
80604.37707 0 0 0 
80804.37707 0 0 0 
81004.37707 0 0 0 
81204.37707 0 0 0 
81404.37707 0 0 0 
81604.37707 0 0 0 
81804.37707 0 0 0 
82004.37707 0 0 0 
82204.37707 0 0 0 
82404.37707 0 0 0 
82604.37707 0 0 0 
82804.37707 0 0 0 
83004.37707 0 0 0 
83204.37707 0 0 0 
83404.37707 0 0 0 
83604.37707 0 0 0 
83804.37707 0 0 0 
84004.37707 0 0 0 
84204.37707 0 0 0 
84404.37707 0 0 0 
84604.37707 0 0 0 
84804.37707 0 0 0 
85004.37707 0 0 0 
85204.37707 0 0 0 
85404.37707 0 0 0 
85604.37707 0 0 0 
85804.37707 0 0 0 
86004.37707 0 0 0 
86204.37707 0 0 0 
86404.37707 0 0 0 
86604.37707 0 0 0 
86804.37707 0 0 0 
87004.37707 0 0 0 
87204.37707 0 0 0 
87404.37707 0 0 0 
87604.37707 0 0 0 
87804.37707 0 0 0 
88004.37707 0 0 0 
88204.37707 0 0 0 
88404.37707 0 0 0 
88604.37707 0 0 0 
88804.37707 0 0 0 
89004.37707 0 0 0 
89204.37707 0 0 0 
89404.37707 0 0 0 
89604.37707 0 0 0 
89804.37707 0 0 0 
90004.37707 0 0 0 
90204.37707 0 0 0 
90404.37707 0 0 0 
90604.37707 0 0 0 
90804.37707 0 0 0 
91004.37707 0 0 0 
91204.37707 0 0 0 
91404.37707 0 0 0 
91604.37707 0 0 0 
91804.37707 0 0 0 
92004.37707 0 0 0 
92204.37707 0 0 0 
92404.37707 0 0 0 
92604.37707 0 0 0 
92804.37707 0 0 0 
93004.37707 0 0 0 
93204.37707 0 0 0 
93404.37707 0 0 0 
93604.37707 0 0 0 
93804.37707 0 0 0 
94004.37707 0 0 0 
94204.37707 0 0 0 
94404.37707 0 0 0 
94604.37707 0 0 0 
94804.37707 0 0 0 
95004.37707 0 0 0 
95204.37707 0 0 0 
95404.37707 0 0 0 
95604.37707 0 0 0 
95804.37707 0 0 0 
96004.37707 0 0 0 
96204.37707 0 0 0 
96404.37707 0 0 0 
96604.37707 0 0 0 
96804.37707 0 0 0 
97004.37707 0 0 0 
97204.37707 0 0 0 
97404.37707 0 0 0 
97604.37707 0 0 0 
97804.37707 0 0 0 
98004.37707 0 0 0 
98204.37707 0 0 0 
98404.37707 0 0 0 
98604.37707 0 0 0 
98804.37707 0 0 0 
99004.37707 0 0 0 
99204.37707 0 0 0 
99404.37707 0 0 0 
99604.37707 0 0 0 
99804.37707 0 0 0 
100004.3771 0 0 0 
100204.3771 0 0 0 
100404.3771 0 0 0 
100604.3771 0 0 0 
100804.3771 0 0 0 
101004.3771 0 0 0 
101204.3771 0 0 0 
101404.3771 0 0 0 
101604.3771 0 0 0 
101804.3771 0 0 0 
102004.3771 0 0 0 
102204.3771 0 0 0 
102404.3771 0 0 0 
102604.3771 0 0 0 
102804.3771 0 0 0 
103004.3771 0 0 0 
103204.3771 0 0 0 
103404.3771 0 0 0 
103604.3771 0 0 0 
103804.3771 0 0 0 
104004.3771 0 0 0 
104204.3771 0 0 0 
104404.3771 0 0 0 
104604.3771 0 0 0 
104804.3771 0 0 0 
105004.3771 0 0 0 
105204.3771 0 0 0 
105404.3771 0 0 0 
105604.3771 0 0 0 
105804.3771 0 0 0 
106004.3771 0 0 0 
106204.3771 0 0 0 
106404.3771 0 0 0 
106604.3771 0 0 0 
106804.3771 0 0 0 
107004.3771 0 0 0 
107204.3771 0 0 0 
107404.3771 0 0 0 
107604.3771 0 0 0 
107804.3771 0 0 0 
108004.3771 0 0 0 
108204.3771 0 0 0 
108404.3771 0 0 0 
108604.3771 0 0 0 
108804.3771 0 0 0 
109004.3771 0 0 0 
109204.3771 0 0 0 
109404.3771 0 0 0 
109604.3771 0 0 0 
109804.3771 0 0 0 
110004.3771 0 0 0 
110204.3771 0 0 0 
110404.3771 0 0 0 
110604.3771 0 0 0 
110804.3771 0 0 0 
111004.3771 0 0 0 
111204.3771 0 0 0 
111404.3771 0 0 0 
111604.3771 0 0 0 
111804.3771 0 0 0 
112004.3771 0 0 0 
112204.3771 0 0 0 
112404.3771 0 0 0 
112604.3771 0 0 0 
112804.3771 0 0 0 
113004.3771 0 0 0 
113204.3771 0 0 0 
113404.3771 0 0 0 
113604.3771 0 0 0 
113804.3771 0 0 0 
114004.3771 0 0 0 
114204.3771 0 0 0 
114404.3771 0 0 0 
114604.3771 0 0 0 
114804.3771 0 0 0 
115004.3771 0 0 0 
115204.3771 0 0 0 
115404.3771 0 0 0 
115604.3771 0 0 0 
115804.3771 0 0 0 
116004.3771 0 0 0 
116204.3771 0 0 0 
116404.3771 0 0 0 
116604.3771 0 0 0 
116804.3771 0 0 0 
117004.3771 0 0 0 
117204.3771 0 0 0 
117404.3771 0 0 0 
117604.3771 0 0 0 
117804.3771 0 0 0 
118004.3771 0 0 0 
118204.3771 0 0 0 
118404.3771 0 0 0 
118604.3771 0 0 0 
118804.3771 0 0 0 
119004.3771 0 0 0 
119204.3771 0 0 0 
119404.3771 0 0 0 
119604.3771 0 0 0 
119804.3771 0 0 0 
120004.3771 0 0 0 
120204.3771 0 0 0 
120404.3771 0 0 0 
120604.3771 0 0 0 
120804.3771 0 0 0 
121004.3771 0 0 0 
121204.3771 0 0 0 
121404.3771 0 0 0 
121604.3771 0 0 0 
121804.3771 0 0 0 
122004.3771 0 0 0 
122204.3771 0 0 0 
122404.3771 0 0 0 
122604.3771 0 0 0 
122804.3771 0 0 0 
123004.3771 0 0 0 
123204.3771 0 0 0 
123404.3771 0 0 0 
123604.3771 0 0 0 
123804.3771 0 0 0 
124004.3771 0 0 0 
124204.3771 0 0 0 
124404.3771 0 0 0 
124604.3771 0 0 0 
124804.3771 0 0 0 
125004.3771 0 0 0 
125204.3771 0 0 0 
125404.3771 0 0 0 
125604.3771 0 0 0 
125804.3771 0 0 0 
126004.3771 0 0 0 
126204.3771 0 0 0 
126404.3771 0 0 0 
126604.3771 0 0 0 
126804.3771 0 0 0 
127004.3771 0 0 0 
127204.3771 0 0 0 
127404.3771 0 0 0 
127604.3771 0 0 0 
127804.3771 0 0 0 
128004.3771 0 0 0 
128204.3771 0 0 0 
128404.3771 0 0 0 
128604.3771 0 0 0 
128804.3771 0 0 0 
129004.3771 0 0 0 
129204.3771 0 0 0 
129404.3771 0 0 0 
129604.3771 0 0 0 
129804.3771 0 0 0 
130004.3771 0 0 0 
130204.3771 0 0 0 
130404.3771 0 0 0 
130604.3771 0 0 0 
130804.3771 0 0 0 
131004.3771 0 0 0 
131204.3771 0 0 0 
131404.3771 0 0 0 
131604.3771 0 0 0 
131804.3771 0 0 0 
132004.3771 0 0 0 
132204.3771 0 0 0 
132404.3771 0 0 0 
132604.3771 0 0 0 
132804.3771 0 0 0 
133004.3771 0 0 0 
133204.3771 0 0 0 
133404.3771 0 0 0 
133604.3771 0 0 0 
133804.3771 0 0 0 
134004.3771 0 0 0 
134204.3771 0 0 0 
134404.3771 0 0 0 
134604.3771 0 0 0 
134804.3771 0 0 0 
135004.3771 0 0 0 
135204.3771 0 0 0 
135404.3771 0 0 0 
135604.3771 0 0 0 
135804.3771 0 0 0 
136004.3771 0 0 0 
136204.3771 0 0 0 
136404.3771 0 0 0 
136604.3771 0 0 0 
136804.3771 0 0 0 
137004.3771 0 0 0 
137204.3771 0 0 0 
137404.3771 0 0 0 
137604.3771 0 0 0 
137804.3771 0 0 0 
138004.3771 0 0 0 
138204.3771 0 0 0 
138404.3771 0 0 0 
138604.3771 0 0 0 
138804.3771 0 0 0 
139004.3771 0 0 0 
139204.3771 0 0 0 
139404.3771 0 0 0 
139604.3771 0 0 0 
139804.3771 0 0 0 
140004.3771 0 0 0 
140204.3771 0 0 0 
140404.3771 0 0 0 
140604.3771 0 0 0 
140804.3771 0 0 0 
141004.3771 0 0 0 
141204.3771 0 0 0 
141404.3771 0 0 0 
141604.3771 0 0 0 
141804.3771 0 0 0 
142004.3771 0 0 0 
142204.3771 0 0 0 
142404.3771 0 0 0 
142604.3771 0 0 0 
142804.3771 0 0 0 
143004.3771 0 0 0 
143204.3771 0 0 0 
143404.3771 0 0 0 
143604.3771 0 0 0 
143804.3771 0 0 0 
144004.3771 0 0 0 
144204.3771 0 0 0 
144404.3771 0 0 0 
144604.3771 0 0 0 
144804.3771 0 0 0 
145004.3771 0 0 0 
145204.3771 0 0 0 
145404.3771 0 0 0 
145604.3771 0 0 0 
145804.3771 0 0 0 
146004.3771 0 0 0 
146204.3771 0 0 0 
146404.3771 0 0 0 
146604.3771 0 0 0 
146804.3771 0 0 0 
147004.3771 0 0 0 
147204.3771 0 0 0 
147404.3771 0 0 0 
147604.3771 0 0 0 
147804.3771 0 0 0 
148004.3771 0 0 0 
148204.3771 0 0 0 
148404.3771 0 0 0 
148604.3771 0 0 0 
148804.3771 0 0 0 
149004.3771 0 0 0 
149204.3771 0 0 0 
149404.3771 0 0 0 
149604.3771 0 0 0 
149804.3771 0 0 0 
150004.3771 0 0 0 
150204.3771 0 0 0 
150404.3771 0 0 0 
150604.3771 0 0 0 
150804.3771 0 0 0 
151004.3771 0 0 0 
151204.3771 0 0 0 
151404.3771 0 0 0 
151604.3771 0 0 0 
151804.3771 0 0 0 
152004.3771 0 0 0 
152204.3771 0 0 0 
152404.3771 0 0 0 
152604.3771 0 0 0 
152804.3771 0 0 0 
153004.3771 0 0 0 
153204.3771 0 0 0 
153404.3771 0 0 0 
153604.3771 0 0 0 
153804.3771 0 0 0 
154004.3771 0 0 0 
154204.3771 0 0 0 
154404.3771 0 0 0 
154604.3771 0 0 0 
154804.3771 0 0 0 
155004.3771 0 0 0 
155204.3771 0 0 0 
155404.3771 0 0 0 
155604.3771 0 0 0 
155804.3771 0 0 0 
156004.3771 0 0 0 
156204.3771 0 0 0 
156404.3771 0 0 0 
156604.3771 0 0 0 
156804.3771 0 0 0 
157004.3771 0 0 0 
157204.3771 0 0 0 
157404.3771 0 0 0 
157604.3771 0 0 0 
157804.3771 0 0 0 
158004.3771 0 0 0 
158204.3771 0 0 0 
158404.3771 0 0 0 
158604.3771 0 0 0 
158804.3771 0 0 0 
159004.3771 0 0 0 
159204.3771 0 0 0 
159404.3771 0 0 0 
159604.3771 0 0 0 
159804.3771 0 0 0 
160004.3771 0 0 0 
160204.3771 0 0 0 
160404.3771 0 0 0 
160604.3771 0 0 0 
160804.3771 0 0 0 
161004.3771 0 0 0 
161204.3771 0 0 0 
161404.3771 0 0 0 
161604.3771 0 0 0 
161804.3771 0 0 0 
162004.3771 0 0 0 
162204.3771 0 0 0 
162404.3771 0 0 0 
162604.3771 0 0 0 
162804.3771 0 0 0 
163004.3771 0 0 0 
163204.3771 0 0 0 
163404.3771 0 0 0 
163604.3771 0 0 0 
163804.3771 0 0 0 
164004.3771 0 0 0 
164204.3771 0 0 0 
164404.3771 0 0 0 
164604.3771 0 0 0 
164804.3771 0 0 0 
165004.3771 0 0 0 
165204.3771 0 0 0 
165404.3771 0 0 0 
165604.3771 0 0 0 
165804.3771 0 0 0 
166004.3771 0 0 0 
166204.3771 0 0 0 
166404.3771 0 0 0 
166604.3771 0 0 0 
166804.3771 0 0 0 
167004.3771 0 0 0 
167204.3771 0 0 0 
167404.3771 0 0 0 
167604.3771 0 0 0 
167804.3771 0 0 0 
168004.3771 0 0 0 
168204.3771 0 0 0 
168404.3771 0 0 0 
168604.3771 0 0 0 
168804.3771 0 0 0 
169004.3771 0 0 0 
169204.3771 0 0 0 
169404.3771 0 0 0 
169604.3771 0 0 0 
169804.3771 0 0 0 
170004.3771 0 0 0 
170204.3771 0 0 0 
170404.3771 0 0 0 
170604.3771 0 0 0 
170804.3771 0 0 0 
171004.3771 0 0 0 
171204.3771 0 0 0 
171404.3771 0 0 0 
171604.3771 0 0 0 
171804.3771 0 0 0 
172004.3771 0 0 0 
172204.3771 0 0 0 
172404.3771 0 0 0 
172604.3771 0 0 0 
172804.3771 0 0 0 
173004.3771 0 0 0 
173204.3771 0 0 0 
173404.3771 0 0 0 
173604.3771 0 0 0 
173804.3771 0 0 0 
174004.3771 0 0 0 
174204.3771 0 0 0 
174404.3771 0 0 0 
174604.3771 0 0 0 
174804.3771 0 0 0 
175004.3771 0 0 0 
175204.3771 0 0 0 
175404.3771 0 0 0 
175604.3771 0 0 0 
175804.3771 0 0 0 
176004.3771 0 0 0 
176204.3771 0 0 0 
176404.3771 0 0 0 
176604.3771 0 0 0 
176804.3771 0 0 0 
177004.3771 0 0 0 
177204.3771 0 0 0 
177404.3771 0 0 0 
177604.3771 0 0 0 
177804.3771 0 0 0 
178004.3771 0 0 0 
178204.3771 0 0 0 
178404.3771 0 0 0 
178604.3771 0 0 0 
178804.3771 0 0 0 
179004.3771 0 0 0 
179204.3771 0 0 0 
179404.3771 0 0 0 
