# Format: McCode with text headers
# URL: http://www.mccode.org
# Creator:  3.7.12, git
# Instrument: /opt/homebrew/Caskroom/miniconda/base/envs/mcstas/share/mcstas/resources/examples/ESS/ESS_IN5_reprate/ESS_IN5_reprate.instr
# Ncount: 1000000
# Trace: no
# Gravitation: no
# Seed: 1234
# Directory: /Users/ldq/Work/McStasBench/benchmark/refcache/T1_ESS_IN5_reprate_work/ref_20260724_152752_94648_1
# Param: Lmin=4.9
# Param: Lmax=5.1
# Param: lambda0=5
# Param: Pulse_width=0.002857
# Param: Num_pulses=1
# Param: GUI_start=2
# Param: FO1_DIST=6
# Param: L_ballistic_begin=19.5
# Param: L_ballistic_end=17
# Param: Length=100
# Param: SAMPLE_DIST=1.2
# Param: DETECTOR_DIST=4
# Param: GUI_h=0.105
# Param: GUI_w=0.1
# Param: GUI_GAP=0.05
# Param: H1=0.167
# Param: W1=0.116
# Param: H2=0.185
# Param: W2=0.15
# Param: H3=0.19
# Param: W3=0.15
# Param: H4=0.213
# Param: W4=0.14
# Param: H_chop=0.075
# Param: W_chop=0.03
# Param: H_end=0.042
# Param: W_end=0.0215
# Param: ALPHA=3.4
# Param: M=3.5
# Param: F_slow1=16.6667
# Param: F_slow2=0
# Param: F_fast1=0
# Param: F_fast2=200
# Param: N_fast=1
# Param: SLOW1_THETA=120
# Param: FO3=1
# Param: THETA_fast1=180
# Param: FAST_THETA=5
# Param: Gamma=0
# Param: Etun=1
# Param: V_HOLE=0
# Param: FRAC_QUASIEL=0
# Param: FRAC_TUNNEL=0
# Param: TT=50
# Param: RES_DE=0.5
# Param: cold=0.95
# Date: Fri Jul 24 15:28:00 2026 (1784924880)
# type: array_1d(1000)
# Source: ESS_IN5_reprate (/opt/homebrew/Caskroom/miniconda/base/envs/mcstas/share/mcstas/resources/examples/ESS/ESS_IN5_reprate/ESS_IN5_reprate.instr)
# component: TOFmoderator_zoom
# position: 0 0 1e-06
# title: Time-of-flight monitor
# Ncount: 1000000
# filename: TOFmoderator_zoom.dat
# statistics: X0=1866.86; dX=884.894;
# signal: Min=0; Max=1.00813e+08; Mean=4.88902e+07;
# values: 4.88902e+10 9.51417e+07 410121
# xvar: t
# yvar: (I,I_err)
# xlabel: Time-of-flight [\gms]
# ylabel: Intensity
# xlimits: 0 5000
# variables: t I I_err N
2.5 0 0 0 
7.5 0 0 0 
12.5 0 0 0 
17.5 0 0 0 
22.5 0 0 0 
27.5 0 0 0 
32.5 0 0 0 
37.5 0 0 0 
42.5 0 0 0 
47.5 0 0 0 
52.5 0 0 0 
57.5 0 0 0 
62.5 0 0 0 
67.5 0 0 0 
72.5 0 0 0 
77.5 0 0 0 
82.5 0 0 0 
87.5 0 0 0 
92.5 0 0 0 
97.5 0 0 0 
102.5 0 0 0 
107.5 1036.602557 738.8967136 2 
112.5 79169.43783 13159.0271 59 
117.5 509884.621 44584.43173 195 
122.5 1369105.716 91240.8126 310 
127.5 2358835.591 136512.3691 381 
132.5 3856781.244 204516.4747 413 
137.5 5157042.657 264308.9202 422 
142.5 5796642.387 308063.6398 384 
147.5 7349861.634 375800.0847 409 
152.5 8377459.649 432782.2411 396 
157.5 10066547.86 503557.2908 422 
162.5 10741154.6 546315.2897 411 
167.5 12736492.2 627771.3359 433 
172.5 14158994.83 687464.4769 447 
177.5 14672101.7 728742.8633 423 
182.5 15659317.94 778947.9846 425 
187.5 16795246.12 833005.1202 428 
192.5 17336294.31 872896.7416 416 
197.5 17759415.49 910659.3179 402 
202.5 19623941.13 979994.9025 419 
207.5 19703166.37 1006559.366 399 
212.5 21764746.42 1080345.25 423 
217.5 19844285.08 1052032.618 372 
222.5 23865638.77 1181891.727 425 
227.5 27148161.14 1295889.399 453 
232.5 26460975.97 1294698.161 436 
237.5 27964441.93 1350259.456 447 
242.5 25715513.94 1313764.86 399 
247.5 29772596.7 1448829.064 434 
252.5 29945501.77 1465382.56 431 
257.5 30314109.3 1491461.519 427 
262.5 30416333.64 1523118.338 413 
267.5 34350815.07 1641885.669 450 
272.5 34350109.15 1660570.568 443 
277.5 31742122.5 1611797.951 401 
282.5 34608453 1712945.469 419 
287.5 35395250.37 1740590.841 428 
292.5 35650870.61 1765522.926 421 
297.5 38156333.41 1857607.923 432 
302.5 36803801.2 1847918.499 407 
307.5 37358994.99 1863360.482 414 
312.5 38858036.47 1916721.323 425 
317.5 34531019.87 1819738.247 374 
322.5 41774669.58 2029999.78 435 
327.5 42497781.72 2069673.343 433 
332.5 41186806.9 2044753.723 417 
337.5 39518001.78 2024867.472 391 
342.5 41415735.5 2092009.286 402 
347.5 42659413.63 2121055.565 418 
352.5 41463364.69 2119446.263 392 
357.5 43412964.13 2200668.886 398 
362.5 43264893.13 2199411.657 400 
367.5 46298137.55 2294345.427 418 
372.5 47551377.08 2331731.281 427 
377.5 47102250.68 2340394.143 416 
382.5 43782958.08 2268893.823 383 
387.5 50567374.04 2446438.964 439 
392.5 49999936.62 2450233.288 428 
397.5 48250314.12 2419768.996 410 
402.5 48794630.9 2458327.43 405 
407.5 55465944.75 2620821.626 460 
412.5 48982702.55 2469464.682 407 
417.5 51393982.58 2547321.911 418 
422.5 49354669.26 2519212.059 392 
427.5 55736228.57 2683862.531 442 
432.5 57642161.86 2734905.923 458 
437.5 51290157.86 2615470.331 391 
442.5 57144190.91 2758146.045 440 
447.5 52810090.82 2656763.158 406 
452.5 55661246.83 2736244.536 426 
457.5 62083194.85 2918750.609 463 
462.5 57153549.31 2799793.889 427 
467.5 51824350.09 2689273.139 381 
472.5 58323582.47 2859762.458 426 
477.5 61354918.72 2924800.72 454 
482.5 56664085.59 2830756.188 412 
487.5 55506705.24 2821354.972 397 
492.5 62872248.01 3009220.214 448 
497.5 56702000.7 2866923.819 400 
502.5 63221504.39 3048108.313 440 
507.5 59585927.09 2962594.078 414 
512.5 61537289.72 3021042.907 425 
517.5 65735861.51 3141638.156 445 
522.5 63094131.82 3075367.064 432 
527.5 65218095.98 3137386.538 442 
532.5 60416640.99 3025404.108 408 
537.5 61849608.8 3080167.994 412 
542.5 68996573.85 3254161.164 461 
547.5 65205093.63 3172682.647 431 
552.5 68098908.75 3266518.399 444 
557.5 65818229.24 3202807.503 433 
562.5 63577737.27 3148609.118 417 
567.5 67839800.4 3261942.6 442 
572.5 58335813.35 3039374.41 379 
577.5 62653930.7 3138642.044 410 
582.5 64265449.49 3201329.41 413 
587.5 70273188.93 3366322.933 447 
592.5 63646353.06 3181826.214 411 
597.5 64981533.36 3229512.718 417 
602.5 74430000.65 3488693.105 465 
607.5 68985167.31 3344243.173 436 
612.5 68831737.56 3363116.814 429 
617.5 66664977.22 3307866.892 417 
622.5 68755997.39 3360075.381 431 
627.5 66884112.07 3321439.313 417 
632.5 67349004.61 3355817.987 413 
637.5 68786164.59 3398007.746 419 
642.5 69473292.29 3409917.185 426 
647.5 62280033.24 3232032.283 381 
652.5 73115547.09 3539270.647 436 
657.5 70441769.71 3462070.933 422 
662.5 70375713.62 3457073.547 426 
667.5 66634849.24 3377371.644 399 
672.5 74260018.45 3582218.061 439 
677.5 73601080.27 3557477.076 438 
682.5 68763405.5 3442078.1 408 
687.5 72868911.01 3543908.982 433 
692.5 74071906.05 3583309.285 438 
697.5 68819169.23 3453196.394 408 
702.5 74876335.71 3604015.51 443 
707.5 65974827.09 3406938.989 384 
712.5 73075196.72 3591033.711 422 
717.5 75988086.38 3662008.9 440 
722.5 75272758.29 3640418.72 439 
727.5 64670773.79 3381189.489 374 
732.5 70517702.07 3529411.057 409 
737.5 72134354.46 3594948.208 411 
742.5 74012284.88 3637484.772 424 
747.5 78718963.4 3769108.172 444 
752.5 74555882.45 3653885.206 427 
757.5 82897955.41 3887977.402 462 
762.5 73042956.91 3619279.618 418 
767.5 72043270.81 3624676.866 404 
772.5 75680988.81 3703942.53 427 
777.5 80375344.21 3829111.076 451 
782.5 69378950.84 3542378.031 396 
787.5 71610358.88 3604178.511 404 
792.5 67667466.22 3524467.132 377 
797.5 76424116.74 3754152.298 422 
802.5 78302010.12 3795813.339 436 
807.5 74743075.65 3692142.941 420 
812.5 79023203.62 3825104.825 437 
817.5 77109103.85 3770660.801 430 
822.5 80938752.4 3877465.647 446 
827.5 77152555.98 3787449.537 425 
832.5 72996993.15 3689701.274 400 
837.5 79980083.25 3845089.735 444 
842.5 77050038.75 3803450.784 420 
847.5 65717651.02 3497212.718 362 
852.5 76656310.28 3804046.516 415 
857.5 75195534.98 3754671.853 412 
862.5 83597116.08 3966517.912 455 
867.5 74973772.03 3772012.305 403 
872.5 78808659.79 3868650.386 424 
877.5 76916468.64 3801419.349 422 
882.5 74275870.52 3742020.136 405 
887.5 81869024.16 3951006.858 438 
892.5 76624265.93 3812261.345 413 
897.5 79893324.36 3901065.332 428 
902.5 75959875.95 3783085.319 415 
907.5 79158854.92 3870608.824 430 
912.5 74035594.38 3763678.48 396 
917.5 78899846.82 3894545.361 420 
922.5 83166694.27 3983414.195 446 
927.5 79326587.12 3916098.897 417 
932.5 78067077.53 3869579.849 417 
937.5 81914146.34 3980713.409 432 
942.5 78498335.79 3889831.304 417 
947.5 75790312.25 3825877.323 402 
952.5 84457301.26 4044740.933 445 
957.5 79877139.58 3921766.383 427 
962.5 73900944.4 3776925.68 392 
967.5 76461147.11 3853835.284 403 
972.5 76877779 3860733.236 405 
977.5 72379243.27 3745381.53 383 
982.5 75963958.68 3848262.462 396 
987.5 80622291.63 3965118.273 422 
992.5 80207115.3 3959208.627 420 
997.5 76673626.05 3865793.137 401 
1002.5 79966493.68 3957652.914 417 
1007.5 78626605.22 3934830.58 408 
1012.5 80104464.64 3958644.503 419 
1017.5 75794093.68 3852673.991 398 
1022.5 83024230.77 4037128.65 433 
1027.5 76684180.46 3892237.496 397 
1032.5 85403730.33 4090679.039 445 
1037.5 81401212.87 4001830.032 422 
1042.5 76776946.24 3888457.583 400 
1047.5 71102021.69 3739111.521 371 
1052.5 84252880.31 4078127.856 436 
1057.5 79181113.3 3967692.936 407 
1062.5 82487132.61 4026036.743 429 
1067.5 79067216.32 3960012.107 407 
1072.5 83373949.37 4077118.628 427 
1077.5 81478877.19 4026514.508 418 
1082.5 85803922.19 4120244.138 445 
1087.5 82907149.62 4067434.286 423 
1092.5 73893866.76 3832352.498 380 
1097.5 83062463.02 4067797.403 427 
1102.5 86852419.65 4145478.796 450 
1107.5 81130250.46 4011834.107 419 
1112.5 86284182.68 4169909.599 435 
1117.5 79898266.53 3993542.034 409 
1122.5 86180772.39 4139722.822 445 
1127.5 87807914.87 4188460.147 449 
1132.5 82306343.75 4061089.794 418 
1137.5 82801636.27 4060572.102 427 
1142.5 77642635.85 3932518.506 400 
1147.5 78477513 3954831.647 404 
1152.5 83640575.24 4102491.45 425 
1157.5 81526794.92 4032656.556 419 
1162.5 82339993.43 4059501.768 421 
1167.5 80018545.85 4016749.116 405 
1172.5 92460890.63 4323120.791 466 
1177.5 73279583.89 3823680.191 377 
1182.5 87259892.07 4195817.206 441 
1187.5 78480061.6 3964819.356 402 
1192.5 88415842.13 4228242.368 447 
1197.5 77078439.2 3933509.155 392 
1202.5 81128883.52 4029770.38 414 
1207.5 86113774.71 4168066.391 436 
1212.5 81121704.71 4042727.472 411 
1217.5 85223035.34 4169014.14 425 
1222.5 86354189.1 4180113.372 436 
1227.5 89432626.76 4256465.442 453 
1232.5 81511119.29 4054925.796 414 
1237.5 84124509.62 4130747.505 423 
1242.5 90431481.45 4293539.898 452 
1247.5 87246839.7 4198380.854 441 
1252.5 85932742.44 4175644.822 433 
1257.5 82999220.53 4116278.575 415 
1262.5 82407755.76 4082874.918 415 
1267.5 83263455.51 4099340.487 422 
1272.5 89148036.18 4245991.843 452 
1277.5 83441194.71 4105194.704 423 
1282.5 78598870.43 3987473.353 398 
1287.5 85638628.43 4169631.637 432 
1292.5 78361126.88 4006077.702 392 
1297.5 81725854.96 4060478.747 416 
1302.5 80745675.15 4042678.369 410 
1307.5 83121899.48 4111821.744 419 
1312.5 82266618.03 4111524.699 409 
1317.5 82729941.5 4122445.987 411 
1322.5 87291943.25 4219130.498 437 
1327.5 87845980.26 4227289.372 441 
1332.5 85472894.89 4157569.516 432 
1337.5 83455004.52 4115319.647 420 
1342.5 81501387.1 4083402.72 407 
1347.5 82590975.06 4099848.066 417 
1352.5 83457200.35 4130002.352 417 
1357.5 87567670.8 4221314.981 440 
1362.5 80763101.99 4053458.7 405 
1367.5 82788361.11 4098474.176 417 
1372.5 87460988.04 4225003.226 439 
1377.5 78446385.01 4010560.421 390 
1382.5 84420672.9 4157383.642 422 
1387.5 81826387.46 4097765.877 407 
1392.5 93762487.54 4375060.015 471 
1397.5 82179110.12 4093032.23 413 
1402.5 83082906.07 4129147.359 415 
1407.5 78664588.75 4014936.384 394 
1412.5 80385089.26 4067395.504 399 
1417.5 86771401.59 4215316.281 434 
1422.5 88987728.41 4289023.834 439 
1427.5 85026551.8 4184555.304 423 
1432.5 85226240.12 4176412.758 425 
1437.5 81176953.44 4078743.707 406 
1442.5 83567794.78 4140054.309 416 
1447.5 79635944.48 4002323.893 408 
1452.5 87216313.38 4244533.639 431 
1457.5 85123931.3 4175152.828 427 
1462.5 86179627.6 4205803.448 428 
1467.5 80217760.91 4051859.661 403 
1472.5 81193132.88 4101364.857 399 
1477.5 88196375.8 4261552.276 439 
1482.5 79742511.81 4052353.254 397 
1487.5 83031029.23 4138663.202 412 
1492.5 84646871.55 4173485.954 423 
1497.5 82213393.74 4102982.912 412 
1502.5 85876233.4 4207638.353 425 
1507.5 80108306.89 4046846.115 401 
1512.5 82832053.93 4138746.902 411 
1517.5 86305424.76 4221194.908 427 
1522.5 84435507.44 4161586.051 420 
1527.5 89319446.09 4289336.154 444 
1532.5 89431470.16 4280678.384 446 
1537.5 86507570.23 4214417.22 432 
1542.5 84553986.73 4178462.513 419 
1547.5 88934322.95 4295703.228 436 
1552.5 88826143.49 4283273.973 440 
1557.5 78458254.31 4023571.547 389 
1562.5 78895997.39 4043791.092 390 
1567.5 87630033.58 4258640.671 435 
1572.5 88699498.12 4264862.949 444 
1577.5 81112850.98 4109370.809 396 
1582.5 88773868.77 4285525.98 440 
1587.5 82995551.33 4131081.226 413 
1592.5 85171196.9 4209988.554 417 
1597.5 91067899.26 4331402.902 452 
1602.5 84004319.96 4153370.148 419 
1607.5 86911528.48 4234761.762 431 
1612.5 86221802.64 4230092.29 426 
1617.5 78420900.52 4032226.805 386 
1622.5 87111484.92 4241550.422 433 
1627.5 81536969.63 4090793.327 409 
1632.5 80564503.01 4078828.048 400 
1637.5 93052699.6 4392384.391 459 
1642.5 83161923.63 4138259.077 413 
1647.5 87306996.85 4256115.143 429 
1652.5 77284018.3 3999274.642 382 
1657.5 75129065.82 3925769.722 376 
1662.5 90291430.24 4324229.028 446 
1667.5 80809046.71 4085724.857 401 
1672.5 84486664.29 4191216.861 415 
1677.5 89183149.22 4278302.366 446 
1682.5 70471716.59 3804144.758 353 
1687.5 80438707.38 4080989.769 397 
1692.5 84649100.8 4169049.338 423 
1697.5 83296595.67 4151964.013 413 
1702.5 80546862.74 4112223.758 393 
1707.5 91482104.85 4336394.161 456 
1712.5 87733943.84 4242748.439 438 
1717.5 83682920.85 4161793.304 414 
1722.5 83985036.78 4168750.035 415 
1727.5 81638622.63 4099787.947 406 
1732.5 91697947.83 4350118.282 455 
1737.5 80629116.37 4107632.608 394 
1742.5 84995802.83 4184514.985 425 
1747.5 81586129.53 4087666.81 410 
1752.5 88286992.07 4282547.846 434 
1757.5 85175496.83 4195170.201 423 
1762.5 83116454.51 4149863.54 410 
1767.5 89216331.15 4309412.708 438 
1772.5 85682250.58 4235632.741 416 
1777.5 87447697.75 4268190.494 429 
1782.5 80596021 4072884.191 403 
1787.5 86637159.87 4233837.328 428 
1792.5 86826244.62 4247406.143 427 
1797.5 87367873.43 4261022.783 430 
1802.5 82524643.55 4127943.382 410 
1807.5 92939544.62 4389935.285 458 
1812.5 86146458.74 4198609.486 436 
1817.5 85967188.22 4223022.026 423 
1822.5 86259397.12 4223034.582 425 
1827.5 85533827.75 4227880.011 417 
1832.5 85752570.57 4228786.505 420 
1837.5 86146881.78 4229092.39 423 
1842.5 84243468.46 4186340.575 414 
1847.5 81318183.38 4115477.757 399 
1852.5 86843593.63 4249046.781 428 
1857.5 100813323.1 4591537.095 494 
1862.5 80412349.88 4098157.258 393 
1867.5 90082668.14 4321025.905 445 
1872.5 75670067.18 3971303.077 370 
1877.5 78707277.51 4030643.205 391 
1882.5 85367606.64 4203528.496 424 
1887.5 87409448.69 4258484.631 431 
1892.5 82344794.64 4138180.991 407 
1897.5 93314286.08 4401234.039 460 
1902.5 81447498 4116597.759 400 
1907.5 92111941.54 4372931.971 454 
1912.5 79484269.32 4052576.946 395 
1917.5 88508787.81 4303434.485 432 
1922.5 82950435.02 4138292.521 413 
1927.5 84716026.21 4206033.271 416 
1932.5 86176700.59 4235616.761 424 
1937.5 84914508.3 4196874.645 419 
1942.5 86199598.7 4246137.615 422 
1947.5 82600498.75 4154074.865 404 
1952.5 86524946.21 4240519.668 427 
1957.5 92544375.11 4380557.067 456 
1962.5 83003507.59 4141073.495 412 
1967.5 81244661.42 4111848.414 399 
1972.5 85458593.72 4227458.092 417 
1977.5 84468390.2 4180757.076 419 
1982.5 90244163.26 4340734.911 441 
1987.5 87004820.97 4267970.381 423 
1992.5 80435531.45 4076792.928 399 
1997.5 91789504.03 4367946.595 452 
2002.5 82420583.51 4145145.201 405 
2007.5 91639119.69 4373041.078 449 
2012.5 79825491.12 4080174.507 392 
2017.5 88802748.34 4299224.396 436 
2022.5 74568435.77 3928871.863 369 
2027.5 89576278.81 4326815.921 438 
2032.5 85943340.33 4227846.632 424 
2037.5 79473204.62 4065339.607 390 
2042.5 91045708.08 4365905.047 444 
2047.5 82213880.23 4132056.102 404 
2052.5 89468676.85 4321534.411 438 
2057.5 85793342.32 4215770.667 424 
2062.5 80315727.56 4091695.624 395 
2067.5 87438683.57 4262839.987 431 
2072.5 90870591.26 4347319.769 445 
2077.5 81369568.16 4100673.937 406 
2082.5 88540679.47 4287777.934 437 
2087.5 83103886.43 4148842.8 410 
2092.5 83870650.17 4181540.106 410 
2097.5 81095275.5 4094553.392 402 
2102.5 79020219.12 4062611.347 387 
2107.5 83451340.59 4183498.23 406 
2112.5 84996831.04 4198647.476 420 
2117.5 79271814.95 4059836.68 391 
2122.5 80752289.31 4125120.619 390 
2127.5 80781514.26 4110351.015 395 
2132.5 87023622.43 4256809.862 428 
2137.5 90286284.83 4335359.426 444 
2142.5 87261722.83 4264017.601 427 
2147.5 87961557.34 4280525.013 433 
2152.5 79191222.91 4068613.012 387 
2157.5 81252495.82 4095893.264 405 
2162.5 86274559.35 4253121.043 417 
2167.5 92390009.63 4392506.241 451 
2172.5 83195855.58 4174291.14 403 
2177.5 80489715.63 4088807.059 396 
2182.5 80556971.54 4082544.519 399 
2187.5 82848011.03 4124272.059 416 
2192.5 83644240.14 4162401.418 413 
2197.5 80989611.96 4105988.893 398 
2202.5 82081964.89 4135813.562 403 
2207.5 80793625.26 4096304.232 399 
2212.5 91073159.89 4361478.555 447 
2217.5 83808566.59 4176126.377 413 
2222.5 84230697.31 4186236.439 413 
2227.5 84144609.46 4190001.544 412 
2232.5 87614178.24 4267838.297 433 
2237.5 79437851.86 4054253.252 394 
2242.5 88000987.53 4285503.338 432 
2247.5 78893872.87 4050804.753 388 
2252.5 84942626.89 4214291.253 415 
2257.5 81825029.69 4124994.303 402 
2262.5 89304375.46 4315422.922 438 
2267.5 90091210.33 4342871.967 440 
2272.5 89083944.28 4312371.137 435 
2277.5 84926730.43 4216735.804 414 
2282.5 87853813.48 4282314.413 428 
2287.5 87465749.99 4262808.201 432 
2292.5 84551313.79 4187456.847 418 
2297.5 84831775.99 4186177.686 421 
2302.5 84094807.23 4187425.827 415 
2307.5 86050202.92 4238818.93 421 
2312.5 90836829.17 4344333.479 449 
2317.5 88702152 4311936.088 430 
2322.5 82181192.93 4145738.605 402 
2327.5 83769084.23 4165370.275 413 
2332.5 87762894.91 4270459.395 432 
2337.5 87695777.92 4256862.161 435 
2342.5 85852368.08 4220272.685 424 
2347.5 78440693.8 4049464.848 383 
2352.5 83932966.01 4187306.604 411 
2357.5 80367198.39 4081898.409 397 
2362.5 94693159.82 4456924.98 461 
2367.5 85523892.04 4196934.244 427 
2372.5 86889514.08 4258548.459 426 
2377.5 94050812.57 4431026.315 460 
2382.5 88334933.19 4317671.705 426 
2387.5 79987393.73 4100129.095 389 
2392.5 85814793.96 4248319.534 417 
2397.5 87107846.59 4271140.446 425 
2402.5 88766903.87 4300096.051 438 
2407.5 91927362.5 4378177.286 451 
2412.5 83276632.09 4154161.997 412 
2417.5 86547642.3 4248762.317 424 
2422.5 92923916.29 4403430.583 456 
2427.5 80977195.5 4118611.739 395 
2432.5 75581665.57 3952564.94 375 
2437.5 87264400.89 4265909.185 428 
2442.5 89203098.88 4308303.33 437 
2447.5 80385283.19 4092692.34 394 
2452.5 94243955.33 4413362.061 468 
2457.5 85195136.38 4216539.002 419 
2462.5 81373050.44 4128110.398 397 
2467.5 72881996.17 3893844.376 359 
2472.5 86994644.92 4232868.53 433 
2477.5 88155761.6 4282757.965 435 
2482.5 84241358.14 4188595.507 415 
2487.5 82187024.7 4126378.202 406 
2492.5 86835682.65 4262287.003 424 
2497.5 76593132.11 4001534.582 374 
2502.5 83603548.19 4182122.482 409 
2507.5 91123079.18 4372204.062 443 
2512.5 83115550.85 4167080.145 407 
2517.5 83904175.23 4177581.669 411 
2522.5 90639562.42 4350514.564 446 
2527.5 87870067.32 4279230.608 431 
2532.5 86683950.14 4282493.087 417 
2537.5 89695386.6 4301865.524 446 
2542.5 83783641.49 4180336.406 411 
2547.5 86362442.78 4256577.957 420 
2552.5 97761853.29 4495230.338 484 
2557.5 85119975.48 4223162.01 415 
2562.5 84797250.07 4211037.854 415 
2567.5 85791745.65 4232910.057 420 
2572.5 88863190.86 4307639.129 435 
2577.5 78452567.37 4035577.604 388 
2582.5 87038104.15 4272068.524 423 
2587.5 86383522.92 4234868.892 427 
2592.5 94648793.33 4450605.073 462 
2597.5 80866854.84 4116247.468 394 
2602.5 82176450.91 4143368.836 402 
2607.5 87945042.21 4271991.998 434 
2612.5 78456905.63 4027212.783 390 
2617.5 86529413.65 4233688.161 430 
2622.5 92033473.57 4390609.362 448 
2627.5 76091912.11 3969638.392 376 
2632.5 83821740.24 4170131.882 415 
2637.5 82671096.73 4152246.956 404 
2642.5 90775300.77 4348711.497 447 
2647.5 87499744.52 4259573.469 432 
2652.5 88500493.69 4293095.493 433 
2657.5 89542163.74 4320759.664 441 
2662.5 82265211.06 4143332.971 403 
2667.5 79530222.49 4076796.084 390 
2672.5 87056244.38 4263528.259 427 
2677.5 86812122.89 4241843.316 429 
2682.5 85443850.5 4214442.898 422 
2687.5 86135107.61 4241154.947 422 
2692.5 83346481.35 4177915.367 406 
2697.5 83239144.84 4157394.669 411 
2702.5 86389283.01 4269625.694 417 
2707.5 87392508.56 4259020.919 431 
2712.5 83689224.54 4176833.903 410 
2717.5 85285283.25 4212619.274 421 
2722.5 85649161.93 4231614.114 420 
2727.5 85761945.15 4243010.042 417 
2732.5 80580358.93 4075335.841 402 
2737.5 83423338.01 4165475.225 412 
2742.5 81286149.37 4115283.387 400 
2747.5 77653703.54 4013006.606 383 
2752.5 86526360.19 4250241.271 422 
2757.5 84371922.27 4197778.517 413 
2762.5 85670879.97 4229019.679 421 
2767.5 91144168.54 4352477.544 449 
2772.5 86994712.18 4248978.621 431 
2777.5 89956786.21 4350449.79 436 
2782.5 83302293.44 4171596.999 408 
2787.5 79266188.64 4056594.468 392 
2792.5 81766968.43 4145969.806 396 
2797.5 88145863.63 4293810.745 430 
2802.5 85869988.64 4236979.312 420 
2807.5 84434525.31 4210817.382 410 
2812.5 79997442.3 4080980.024 393 
2817.5 87441264.2 4288453.86 423 
2822.5 88115392.66 4292514.873 430 
2827.5 84777640.13 4197221.611 418 
2832.5 77052715.64 4019906.196 375 
2837.5 85115707.49 4205494.567 419 
2842.5 91401371.21 4380129.907 445 
2847.5 91931296.37 4372509.159 454 
2852.5 90630372.03 4335758.454 447 
2857.5 78750257.5 4055051.341 386 
2862.5 90246451.94 4354652.61 438 
2867.5 87552111.24 4258177.944 433 
2872.5 78130199.87 4019685.182 389 
2877.5 79525079.19 4044716.606 398 
2882.5 89618004.1 4332275.391 438 
2887.5 84833669.78 4204189.345 418 
2892.5 78245972 4036790.012 384 
2897.5 91207416.03 4369592.533 447 
2902.5 86613442.42 4246926.393 426 
2907.5 79900415.45 4071387.816 394 
2912.5 86203596.29 4272435.564 414 
2917.5 84802910.34 4205248.242 415 
2922.5 82214360.95 4128837.237 406 
2927.5 90757007.13 4370412.892 440 
2932.5 78193975.04 4040969.015 382 
2937.5 87947421.59 4288991.028 429 
2942.5 90015514.7 4348691.083 438 
2947.5 88712425.73 4312588.961 431 
2952.5 86316649.4 4254248.756 420 
2957.5 89752803.8 4324050.286 441 
2962.5 94252176.14 4428744.713 464 
2967.5 82356261.1 4159689.436 399 
2972.5 81557289.6 4128485.424 399 
2977.5 85254545.53 4187030.263 424 
2982.5 80141232.81 4017594.352 408 
2987.5 82289475.13 4056959.172 422 
2992.5 80723498.72 4009423.251 413 
2997.5 77918634.35 3892315.996 410 
3002.5 72300651.33 3702088.652 390 
3007.5 75290267.91 3754647.84 412 
3012.5 67259372.97 3527476.342 373 
3017.5 75995119.54 3731392.848 424 
3022.5 81303036.8 3825655.513 462 
3027.5 69456851.89 3518504.392 398 
3032.5 74605409.41 3593871.663 440 
3037.5 69578781.8 3435085.427 423 
3042.5 64388301.04 3307548.746 388 
3047.5 74123626.4 3524274.256 451 
3052.5 68808613.4 3360809.367 428 
3057.5 68194468.53 3318518.194 432 
3062.5 64064341.6 3183219.025 415 
3067.5 69906590.38 3324605.533 453 
3072.5 66108956.72 3184096.053 444 
3077.5 59854557.3 3016041.072 402 
3082.5 56270357.26 2907262.7 383 
3087.5 67114475.03 3162548.014 460 
3092.5 59656508.95 2937748.316 421 
3097.5 55472361.99 2808753.166 399 
3102.5 54233151.31 2762248.691 392 
3107.5 56429359 2800680.409 415 
3112.5 50783497.11 2622237.853 386 
3117.5 56962300.36 2769988.847 435 
3122.5 55179524.98 2685418.129 433 
3127.5 54766915.34 2672473.843 430 
3132.5 53521040.06 2626294.659 427 
3137.5 53225509.2 2590377.193 433 
3142.5 52648928.27 2572905.389 429 
3147.5 49886412.4 2482607.934 411 
3152.5 48954159.9 2419035.042 418 
3157.5 50424228.14 2443008.233 436 
3162.5 50529412.71 2433067.03 442 
3167.5 46118425.59 2301272.536 411 
3172.5 41452470.66 2171774.137 373 
3177.5 48482997.72 2323142.755 449 
3182.5 43633072.17 2195297.131 405 
3187.5 44110221.86 2178708.548 422 
3192.5 44083347.78 2162391.76 427 
3197.5 46358693.65 2210002.783 450 
3202.5 40273193.12 2038239.936 400 
3207.5 39255082.24 1998219.153 396 
3212.5 40437632 2007771.431 416 
3217.5 37818127.11 1925206.5 398 
3222.5 43824294.89 2062548.683 463 
3227.5 40348117.44 1958742.442 434 
3232.5 41846513.8 1977850.098 459 
3237.5 39141468.18 1895958.11 438 
3242.5 36618755.26 1819293.05 415 
3247.5 36430348.85 1807912.398 417 
3252.5 34460498.87 1756646.76 393 
3257.5 36214711.46 1775035.775 427 
3262.5 33245628.87 1687650.634 400 
3267.5 37074861.67 1761629.46 456 
3272.5 34550901.27 1701771.419 424 
3277.5 32980724.35 1642219.91 414 
3282.5 33275139.42 1629250.435 431 
3287.5 33998151.62 1639661.901 443 
3292.5 28840358.26 1498223.97 382 
3297.5 32905176.82 1598585.779 435 
3302.5 32905537.08 1584072.051 446 
3307.5 33261220.07 1575987.769 456 
3312.5 31870767.97 1524262.836 447 
3317.5 29755011.33 1473493.424 419 
3322.5 28597640.14 1431575.848 409 
3327.5 28805470.31 1425435.948 421 
3332.5 29218840.99 1422509.046 435 
3337.5 27647126.73 1369470.075 419 
3342.5 26236670.41 1320421.808 407 
3347.5 27645961.37 1349200.629 433 
3352.5 26490906.4 1311028.201 419 
3357.5 27431723.98 1326010.209 442 
3362.5 27652282.43 1325995.887 448 
3367.5 23600328.02 1199729.173 396 
3372.5 26830946.43 1286412.472 450 
3377.5 23287455.88 1174434.374 406 
3382.5 23127812.78 1173830.202 400 
3387.5 24882571.43 1200120.996 442 
3392.5 23044041.49 1149944.883 412 
3397.5 22606762.18 1126316.835 416 
3402.5 22462301.33 1120965.942 413 
3407.5 22469061.7 1108180.475 422 
3412.5 22533048.74 1099187.373 434 
3417.5 23237089.96 1107922.947 454 
3422.5 21111608.09 1050045.038 414 
3427.5 20162052.96 1016715.595 405 
3432.5 21062954.07 1031107.717 429 
3437.5 21146268.12 1022165.357 439 
3442.5 19480669.66 975859.2617 411 
3447.5 19585618.02 971335.3803 419 
3452.5 18456928.23 936872.0963 404 
3457.5 18362512.26 929339.7911 404 
3462.5 17784610.08 900662.1007 402 
3467.5 17958500.98 908136.1665 406 
3472.5 17623574.68 890828.8752 405 
3477.5 16537138.47 852356.1154 391 
3482.5 19851121.02 934208.321 467 
3487.5 16996531.2 851868.3748 408 
3492.5 17800138.65 868314.6294 432 
3497.5 15458115.15 803210.9927 382 
3502.5 16609856.32 824146.3363 418 
3507.5 16978252.09 831140.1571 435 
3512.5 15101653.82 772125.067 396 
3517.5 17436756.59 831556.2323 457 
3522.5 17646173.39 824440.8103 475 
3527.5 15077188.06 761243.099 410 
3532.5 14739871.8 738520.5222 411 
3537.5 14861235.39 737443.234 423 
3542.5 15006867.69 738919.5524 428 
3547.5 14667430.94 722490.832 425 
3552.5 14177045.14 701513.6584 419 
3557.5 14025929.17 689360.2183 430 
3562.5 11801488.98 634833.4708 359 
3567.5 12825682.78 660161.6451 395 
3572.5 13705601.18 675713.841 427 
3577.5 13479893.14 660785.1258 433 
3582.5 13671647.43 656569.3745 445 
3587.5 12787388.91 638063.9502 417 
3592.5 12689129.18 627004.2221 427 
3597.5 11827189.81 597046.5509 407 
3602.5 12264750.7 607381.7047 426 
3607.5 11840616.52 592792.7151 417 
3612.5 12087231.7 595005.9181 434 
3617.5 11800922.66 583526.5086 424 
3622.5 11850191.92 586846.6655 426 
3627.5 12092569.08 584668.2731 448 
3632.5 11374736.9 553000.1028 441 
3637.5 10801648.79 540334.552 420 
3642.5 11105452.45 554038.1801 424 
3647.5 11524059.32 552121.2553 453 
3652.5 9719186.929 505566.6004 388 
3657.5 10384222.23 512895.4907 427 
3662.5 10901665.69 521296.5341 454 
3667.5 9298325.922 477446.4208 396 
3672.5 9901070.483 488303.405 427 
3677.5 9644332.845 477809.8173 423 
3682.5 9446921.519 474434.4684 417 
3687.5 8960800.579 457053.8602 404 
3692.5 8744175.092 443236.2574 405 
3697.5 9134427.071 451587.6617 428 
3702.5 8757314.696 441203.8989 415 
3707.5 7891311.969 410681.1896 384 
3712.5 8622923.803 435581.212 413 
3717.5 8451209.692 423978.5826 419 
3722.5 8250546.563 417161.1169 411 
3727.5 8770343.834 429459.2034 440 
3732.5 8044378.199 401516.1944 420 
3737.5 8049218.917 400480.0312 422 
3742.5 7982721.217 399393.0841 425 
3747.5 7888509.761 392392.7167 424 
3752.5 8105147.244 389490.3792 451 
3757.5 7056487.942 367379.4183 395 
3762.5 7375623.068 365742.7862 427 
3767.5 6674992.079 346814.7853 388 
3772.5 7264708.488 357089.9966 433 
3777.5 6694671.124 344200.8816 398 
3782.5 6560339.362 337380.035 399 
3787.5 6566910.325 338415.2165 402 
3792.5 6801969.037 333386.3909 430 
3797.5 6545711.223 328478.5741 418 
3802.5 6195277.753 320388.5417 397 
3807.5 6964761.412 337160.5734 456 
3812.5 6507816.971 322522.834 433 
3817.5 5558662 297300.3851 374 
3822.5 5766333.513 296094.3608 402 
3827.5 6304370.262 312228.2182 437 
3832.5 5711930.642 297086.7588 398 
3837.5 6342360.497 306645.8387 453 
3842.5 6347578.164 301898.2359 468 
3847.5 6119443.709 297108.4233 450 
3852.5 5729437.713 284015.8107 431 
3857.5 4948721.776 257428.0883 387 
3862.5 5311153.152 268768.5616 413 
3867.5 5229426.804 264807.8805 412 
3872.5 5808594.678 278772.0771 462 
3877.5 4851522.305 254803.472 391 
3882.5 5022770.4 255603.2971 413 
3887.5 5216803.619 254374.2245 443 
3892.5 5079315.403 255650.4416 424 
3897.5 4928602.604 252847.2846 412 
3902.5 4736814.95 237556.065 421 
3907.5 5115111.792 246945.5998 459 
3912.5 4434174.772 234239.849 390 
3917.5 4739959.979 236896.3643 431 
3922.5 4734652.903 231702.7486 443 
3927.5 4435178.711 221768.7586 422 
3932.5 4737403.636 233446.7407 446 
3937.5 4381517.423 216388.7417 437 
3942.5 4096654.175 214427.4233 399 
3947.5 4060072.567 206240.0606 410 
3952.5 4335893.441 209202.7462 456 
3957.5 4104806.378 213307.6624 410 
3962.5 3979694.604 199693.461 425 
3967.5 3890647.068 194896.5261 420 
3972.5 3518109.11 186535.0896 385 
3977.5 3915734.806 189850.3375 443 
3982.5 3769344.807 185729.5288 434 
3987.5 3743680.926 187321.5679 430 
3992.5 3686141.261 186088.823 423 
3997.5 3615672.635 181554.3854 426 
4002.5 3497309.432 175926.4262 423 
4007.5 3246779.428 167838.5567 399 
4012.5 3126331.694 165748.5848 386 
4017.5 3689099.881 179814.5969 457 
4022.5 3244511.075 165971.3309 407 
4027.5 3075636.001 158848.2669 402 
4032.5 3379418.104 166598.8016 444 
4037.5 3110869.444 158046.159 418 
4042.5 3404871.104 164803.289 461 
4047.5 3367645.506 163675.2791 462 
4052.5 2933715.309 152794.373 400 
4057.5 3028512.094 152466.955 432 
4062.5 2591325.008 138467.5091 376 
4067.5 2852750.9 143885.2328 422 
4072.5 2789581.283 144495.0871 414 
4077.5 2736105.701 138642.7566 419 
4082.5 2670839.125 138923.0036 403 
4087.5 2805216.191 138877.1517 434 
4092.5 2897658.243 143502.8299 451 
4097.5 2585443.114 132099.5816 414 
4102.5 2571231.879 130343.0223 422 
4107.5 2440637.439 127771.278 401 
4112.5 2713560.503 135724.6718 443 
4117.5 2607073.582 129348.6053 446 
4122.5 2470424.292 125250.7359 428 
4127.5 2277094.413 120584.1153 391 
4132.5 2380855.156 122577.4499 422 
4137.5 2412742.801 119834.7552 439 
4142.5 2272757.132 115712.2565 424 
4147.5 2277289.065 120417.3229 409 
4152.5 2358033.403 117801.0523 445 
4157.5 2308154.338 114803.5026 443 
4162.5 2070785.621 106181.5968 413 
4167.5 2179330.544 111233.7477 433 
4172.5 1895959.832 100913.3174 390 
4177.5 1998381.116 100881.347 424 
4182.5 2061331.181 102127.0756 439 
4187.5 2073320.237 104788.9699 439 
4192.5 2006315.846 104821.7102 414 
4197.5 2013855.03 101820.6298 439 
4202.5 1937838.879 97842.85871 434 
4207.5 1974729.86 99499.32264 445 
4212.5 2091803.364 102991.0356 470 
4217.5 1828129.144 92557.74288 428 
4222.5 1960902.941 97372.2855 456 
4227.5 1762583.67 92995.38076 413 
4232.5 1653759.092 86292.85866 407 
4237.5 1693426.097 87376.94631 422 
4242.5 1632100.037 86894.01004 401 
4247.5 1630323.896 83193.83053 418 
4252.5 1578926.046 80321.63682 418 
4257.5 1613530.67 82013.30735 430 
4262.5 1602264.969 84575.40743 420 
4267.5 1531939.813 78030.02886 422 
4272.5 1526062.977 79518.74184 416 
4277.5 1506713.304 77180.10993 426 
4282.5 1469865.781 75965.93735 413 
4287.5 1551797.896 79924.14251 435 
4292.5 1395799.627 73338.51238 408 
4297.5 1471699.232 76178.15597 434 
4302.5 1503754.185 75555.28642 452 
4307.5 1367392.859 71881.30922 414 
4312.5 1280459.008 68499.9768 397 
4317.5 1481016.488 74398.77442 460 
4322.5 1334417.807 69133.81024 429 
4327.5 1249982.243 65674.99936 411 
4332.5 1222102.028 66011.33365 401 
4337.5 1213900.335 63435.06452 414 
4342.5 1319903.391 67034.00389 444 
4347.5 1222849.545 61914.43284 427 
4352.5 1162190.98 62536.16085 401 
4357.5 1234523.069 64844.51835 428 
4362.5 1203967.874 61693.3559 437 
4367.5 1091543.401 58086.59705 401 
4372.5 1115908.797 57906.20565 422 
4377.5 1161205.528 59621.85878 440 
4382.5 1000121.267 54747.41389 384 
4387.5 1034800.504 54436.11161 413 
4392.5 1002415.885 56215.55862 384 
4397.5 1025621.556 54338.32422 412 
4402.5 1056412.953 53123.74272 444 
4407.5 1088366.731 55222.0406 455 
4412.5 1000594.737 52976.78194 415 
4417.5 1022746.939 51683.44348 443 
4422.5 1008130.634 52939.84855 429 
4427.5 926824.6491 49298.99116 407 
4432.5 861548.2691 46298.96262 389 
4437.5 892746.1647 45532.11966 428 
4442.5 920816.7308 47902.25117 428 
4447.5 846782.4372 46553.4046 393 
4452.5 882675.3711 48484.47252 411 
4457.5 897930.9589 47001.12392 433 
4462.5 827445.1661 43205.54347 417 
4467.5 871231.0466 45745.71764 433 
4472.5 825813.9203 43871.92061 415 
4477.5 829123.9421 42563.16942 432 
4482.5 806420.2764 42012.33543 427 
4487.5 785993.6592 43256.29711 406 
4492.5 800150.4303 41670.72058 434 
4497.5 829991.5945 42622.95954 451 
4502.5 789129.9513 39766.5475 454 
4507.5 752221.0513 40506.15233 413 
4512.5 730303.7354 37176.62856 433 
4517.5 672860.4901 37127.81139 394 
4522.5 652038.2976 34823.41778 401 
4527.5 679379.1209 37318.47695 402 
4532.5 580807.9877 33145.52263 359 
4537.5 675974.4592 35237.6188 425 
4542.5 685086.8542 35141.41192 438 
4547.5 609497.507 33075.4821 397 
4552.5 629701.701 33598.45988 419 
4557.5 691792.7268 35977.76681 450 
4562.5 645993.8574 33551.2738 437 
4567.5 645788.8583 34566.80946 429 
4572.5 621680.3902 31531.83271 447 
4577.5 620922.376 32655.5608 433 
4582.5 641405.7584 33174.93422 458 
4587.5 588673.8516 31455.3849 424 
4592.5 622765.0426 32304.78172 447 
4597.5 577397.6108 31414.29456 418 
4602.5 541780.9103 29885.63756 402 
4607.5 521243.9838 29431.37825 398 
4612.5 549935.6909 29577.75411 422 
4617.5 510451.2175 28941.83121 395 
4622.5 526477.864 27791.02246 425 
4627.5 491642.813 27266.51787 403 
4632.5 495180.3253 27054.20925 411 
4637.5 492966.8963 27263.18657 407 
4642.5 500246.8657 27262.45728 428 
4647.5 471760.0703 26182.21266 403 
4652.5 432644.2694 24841.10842 382 
4657.5 472828.669 25191.55467 429 
4662.5 495091.0561 25920.56162 450 
4667.5 515888.552 27212.14915 459 
4672.5 471483.7056 25613.38657 429 
4677.5 434295.3484 23334.12374 422 
4682.5 435775.9947 24256.03861 411 
4687.5 393440.9209 21757.42491 398 
4692.5 396825.1106 21942.41266 402 
4697.5 400639.9947 22021.19543 409 
4702.5 424092.1521 23355.05367 422 
4707.5 377945.0648 21081.25544 398 
4712.5 399479.5831 21980.82314 418 
4717.5 406927.524 23014.36564 412 
4722.5 390515.002 21145.06574 431 
4727.5 396638.398 20074.692 461 
4732.5 338950.2495 18705.0844 395 
4737.5 349939.6672 19701.14307 397 
4742.5 369177.0431 20009.26704 428 
4747.5 362300.5934 19762.65108 430 
4752.5 327913.2138 17368.63611 420 
4757.5 334256.5459 19203.39363 394 
4762.5 338460.0028 18741.35054 415 
4767.5 336116.1152 18124.94549 430 
4772.5 345753.0705 19575.58775 421 
4777.5 305600.4814 16996.6421 401 
4782.5 322384.1888 18850.31067 397 
4787.5 312551.8654 17173.16197 422 
4792.5 329499.9153 17667.35839 450 
4797.5 332547.9325 18002.93849 452 
4802.5 303524.4684 17043.84412 418 
4807.5 295234.4652 15542.93548 433 
4812.5 297422.8041 16389.5438 425 
4817.5 280210.5291 14714.68037 433 
4822.5 258934.9779 15390.31575 375 
4827.5 283248.2373 15954.60028 420 
4832.5 285737.5942 15273.68461 444 
4837.5 283601.8664 14833.72402 460 
4842.5 269116.7217 15022.01437 421 
4847.5 242690.3431 13372.66848 399 
4852.5 250333.1833 14457.1856 403 
4857.5 227719.5917 13106.30218 384 
4862.5 265249.2001 15091.54989 424 
4867.5 228117.44 12783.11763 399 
4872.5 244646.9583 14261.97104 410 
4877.5 238112.9805 13387.28099 416 
4882.5 241561.1055 13363.68428 427 
4887.5 228443.5039 12315.16945 427 
4892.5 230813.9535 13085.59132 419 
4897.5 209975.4922 12468.48779 396 
4902.5 192776.6026 10629.98739 390 
4907.5 223014.7456 12425.13285 435 
4912.5 208495.8773 11987.22841 409 
4917.5 185327.1202 10892.76615 379 
4922.5 213707.5949 12541.0162 413 
4927.5 184666.2549 10371.35574 395 
4932.5 183793.4977 11051.67092 376 
4937.5 199114.9694 11548.12472 410 
4942.5 186137.0327 10811.49805 404 
4947.5 199207.3256 11211.86252 429 
4952.5 175021.6907 10034.74381 398 
4957.5 198201.7341 10769.40105 451 
4962.5 187668.649 10620.14729 427 
4967.5 191799.1376 10269.4634 455 
4972.5 192942.067 10633.30921 455 
4977.5 178785.8905 10969.00064 397 
4982.5 165078.4789 9527.83506 402 
4987.5 171821.4965 10175.95374 414 
4992.5 164828.081 9874.885671 399 
4997.5 171208.6882 10230.30246 410 
